********************************************************************************
LOGGING TIME: 20200930_181119
CLIENT IP: 127.0.1.1
USERNAME: baba
OS: Linux
ARCHITECTURE: amd64
VERSION: 4.15.0-118-generic
RESOLUTION: 1920.0 1080.0
********************************************************************************
MR, 1, 1602022801416
MC, 0, 0
MM, 13, 371, 391
MM, 25, 371, 7
MM, 56, 371, 8
MM, 86, 365, 7
MM, 119, 359, 7
MM, 158, 353, 7
MM, 190, 351, 29
MM, 223, 348, 1
MM, 257, 348, 0
MM, 290, 348, 0
MM, 329, 348, 7
MM, 377, 348, 7
MM, 421, 348, 7
MM, 471, 348, 8
MM, 517, 357, 7
MM, 565, 368, 10
MM, 600, 381, 4
MM, 635, 399, 8
MM, 664, 412, 7
MM, 690, 429, 7
MM, 707, 447, 8
MM, 727, 469, 7
MM, 746, 494, 7
MM, 763, 518, 8
MM, 782, 553, 7
MM, 797, 583, 8
MM, 801, 595, 6
MM, 815, 640, 8
MM, 819, 652, 7
MM, 818, 652, 212
MM, 816, 652, 7
MM, 814, 653, 8
MM, 811, 662, 7
MM, 808, 685, 7
MM, 804, 712, 7
MM, 804, 734, 7
MM, 804, 762, 8
MM, 804, 785, 8
MM, 804, 806, 7
MM, 804, 824, 6
MM, 804, 845, 8
MM, 804, 867, 7
MM, 804, 886, 7
MM, 804, 905, 7
MM, 805, 924, 8
MM, 810, 942, 7
MM, 815, 962, 7
MM, 820, 976, 8
MM, 827, 993, 7
MM, 831, 1006, 7
MM, 834, 1013, 8
MM, 838, 1021, 7
MM, 842, 1026, 11
MM, 846, 1033, 5
MM, 849, 1039, 8
MM, 854, 1044, 10
MM, 858, 1047, 3
MM, 863, 1051, 6
MM, 867, 1053, 8
MM, 870, 1055, 7
MM, 873, 1057, 8
MM, 875, 1058, 7
MM, 877, 1058, 7
MM, 878, 1059, 8
MM, 879, 1060, 6
MM, 880, 1060, 8
MM, 880, 1060, 7
MM, 881, 1061, 7
MM, 881, 1061, 8
MM, 882, 1061, 7
MM, 882, 1061, 14
MM, 883, 1061, 132
MM, 884, 1061, 7
MM, 886, 1061, 7
MM, 889, 1061, 8
MM, 893, 1055, 7
MM, 897, 1048, 8
MM, 902, 1039, 6
MM, 906, 1032, 8
MM, 908, 1027, 7
MM, 909, 1024, 7
MM, 910, 1024, 7
MM, 910, 1022, 8
MM, 911, 1022, 7
MM, 912, 1021, 7
MM, 912, 1021, 7
MM, 912, 1020, 8
MM, 912, 1019, 15
MM, 912, 1019, 342
MM, 911, 1019, 8
MM, 910, 1019, 7
MM, 910, 1019, 7
MM, 909, 1019, 7
MM, 908, 1020, 8
MM, 908, 1020, 8
MM, 907, 1021, 6
MM, 907, 1021, 8
MM, 906, 1021, 7
MM, 905, 1021, 8
MM, 905, 1021, 6
MM, 904, 1021, 10
MM, 903, 1022, 5
MM, 903, 1022, 9
MM, 903, 1022, 64
MP, 1, 2862
MR, 1, 99
MC, 1, 0
MM, 903, 1019, 545
MM, 903, 997, 8
MM, 903, 957, 6
MM, 903, 931, 8
MM, 903, 904, 7
MM, 903, 885, 7
MM, 903, 875, 7
MM, 903, 866, 8
MM, 903, 860, 8
MM, 903, 856, 7
MM, 903, 852, 7
MM, 903, 849, 7
MM, 903, 847, 9
MM, 903, 845, 5
MM, 903, 844, 9
MM, 903, 843, 6
MM, 903, 847, 91
MM, 903, 860, 12
MM, 903, 877, 13
MM, 903, 891, 1
MM, 903, 900, 1
MM, 903, 912, 7
MM, 903, 920, 8
MM, 903, 927, 6
MM, 903, 934, 7
MM, 903, 940, 7
MM, 903, 944, 9
MM, 903, 947, 6
MM, 903, 951, 7
MM, 902, 952, 7
MM, 902, 953, 8
MM, 901, 955, 7
MM, 900, 958, 7
MM, 900, 961, 8
MM, 899, 964, 7
MM, 898, 967, 9
MM, 898, 970, 6
MM, 898, 972, 10
MM, 898, 974, 4
MM, 898, 977, 10
MM, 898, 979, 19
MM, 898, 980, 3
MM, 898, 982, 3
MM, 898, 982, 6
MM, 898, 983, 3
MM, 898, 984, 7
MM, 898, 984, 7
MM, 898, 985, 8
MM, 898, 985, 7
MM, 898, 986, 7
MM, 898, 987, 7
MM, 898, 987, 8
MM, 898, 988, 7
MM, 898, 989, 22
MM, 898, 989, 8
MM, 898, 990, 6
MM, 898, 990, 8
MM, 898, 991, 7
MM, 898, 992, 7
MM, 898, 992, 29
MM, 898, 993, 8
MM, 898, 994, 7
MM, 898, 994, 7
MM, 898, 995, 8
MM, 898, 995, 7
MM, 898, 996, 7
MM, 898, 997, 7
MM, 898, 998, 8
MM, 898, 999, 7
MM, 898, 999, 7
MM, 898, 1000, 7
MM, 898, 1000, 10
MM, 898, 1001, 9
MM, 898, 1002, 12
MM, 898, 1004, 5
MM, 898, 1005, 6
MM, 898, 1007, 8
MM, 898, 1009, 4
MM, 898, 1010, 6
MM, 898, 1012, 7
MM, 898, 1012, 9
MP, 1, 375
MR, 1, 98
MC, 1, 0
MM, 898, 1011, 341
MM, 898, 1003, 7
MM, 898, 990, 7
MM, 898, 978, 9
MM, 898, 965, 6
MM, 898, 949, 7
MM, 898, 931, 8
MM, 895, 917, 8
MM, 893, 904, 6
MM, 890, 885, 7
MM, 889, 869, 8
MM, 886, 855, 7
MM, 885, 846, 7
MM, 883, 835, 8
MM, 882, 824, 7
MM, 882, 814, 7
MM, 880, 806, 7
MM, 879, 799, 8
MM, 879, 791, 7
MM, 878, 787, 7
MM, 878, 784, 8
MM, 877, 781, 11
MM, 877, 779, 3
MM, 877, 776, 8
MM, 876, 774, 7
MM, 876, 772, 7
MM, 876, 769, 7
MM, 875, 767, 9
MM, 875, 765, 6
MM, 875, 763, 8
MM, 875, 761, 7
MM, 874, 760, 8
MM, 874, 758, 9
MM, 873, 758, 6
MM, 873, 757, 7
MM, 873, 757, 7
MM, 873, 756, 6
MM, 873, 755, 8
MM, 873, 759, 503
MM, 873, 766, 7
MM, 873, 785, 8
MM, 873, 806, 7
MM, 873, 821, 7
MM, 873, 834, 8
MM, 873, 848, 6
MM, 873, 858, 8
MM, 873, 866, 7
MM, 873, 873, 8
MM, 873, 880, 6
MM, 873, 888, 8
MM, 873, 895, 7
MM, 873, 901, 9
MM, 873, 907, 5
MM, 873, 912, 8
MM, 873, 917, 7
MM, 873, 919, 8
MM, 873, 921, 8
MM, 873, 923, 11
MM, 873, 925, 2
MM, 873, 928, 8
MM, 873, 932, 7
MM, 873, 936, 8
MM, 873, 938, 6
MM, 873, 941, 8
MM, 873, 944, 7
MM, 873, 946, 7
MM, 873, 948, 8
MM, 873, 950, 7
MM, 874, 952, 7
MM, 875, 954, 7
MM, 876, 958, 8
MM, 877, 959, 7
MM, 878, 962, 7
MM, 880, 964, 7
MM, 881, 967, 9
MM, 881, 968, 9
MM, 882, 970, 6
MM, 883, 973, 6
MM, 884, 974, 8
MM, 885, 975, 10
MM, 885, 976, 36
MM, 886, 978, 22
MM, 886, 979, 2
MM, 887, 980, 1
MM, 888, 983, 1
MM, 891, 988, 1
MM, 896, 999, 3
MM, 902, 1017, 1
MM, 906, 1030, 1
MM, 910, 1040, 1
MM, 911, 1047, 8
MM, 912, 1052, 9
MM, 913, 1058, 5
MM, 913, 1061, 8
MM, 913, 1063, 6
MM, 913, 1064, 8
MM, 913, 1066, 7
MM, 913, 1066, 7
MM, 913, 1067, 8
MM, 913, 1067, 8
MM, 913, 1066, 116
MM, 913, 1064, 7
MM, 913, 1062, 7
MM, 913, 1061, 9
MM, 913, 1060, 6
MM, 913, 1059, 7
MM, 913, 1057, 8
MM, 913, 1056, 7
MM, 913, 1056, 7
MM, 913, 1054, 7
MM, 913, 1054, 8
MM, 913, 1052, 7
MM, 913, 1051, 7
MM, 913, 1051, 7
MM, 913, 1049, 8
MM, 913, 1048, 7
MM, 913, 1047, 7
MM, 913, 1046, 8
MM, 913, 1046, 8
MM, 913, 1045, 8
MM, 913, 1044, 7
MM, 913, 1044, 7
MM, 913, 1043, 7
MM, 913, 1042, 8
MM, 913, 1042, 6
MM, 913, 1041, 8
MM, 913, 1041, 7
MM, 913, 1040, 6
MM, 913, 1039, 8
MM, 913, 1039, 29
MM, 913, 1039, 226
MP, 1, 202
MR, 1, 99
MC, 1, 0
MM, 912, 1039, 85
MM, 911, 1039, 8
MM, 911, 1039, 7
MM, 910, 1037, 10
MM, 909, 1032, 5
MM, 907, 1025, 8
MM, 905, 1009, 8
MM, 903, 994, 6
MM, 900, 982, 7
MM, 898, 972, 8
MM, 896, 964, 7
MM, 894, 956, 7
MM, 892, 950, 7
MM, 891, 943, 9
MM, 889, 938, 5
MM, 888, 933, 10
MM, 887, 931, 5
MM, 887, 929, 9
MM, 886, 927, 6
MM, 885, 925, 7
MM, 885, 923, 8
MM, 885, 922, 6
MM, 885, 920, 7
MM, 885, 918, 8
MM, 885, 917, 7
MM, 885, 915, 8
MM, 885, 914, 7
MM, 885, 913, 8
MM, 885, 912, 6
MM, 884, 912, 8
MM, 884, 911, 7
MM, 884, 910, 8
MM, 884, 910, 6
MM, 884, 909, 7
MM, 884, 909, 8
MM, 884, 908, 7
MM, 884, 907, 7
MM, 884, 907, 8
MM, 884, 906, 7
MM, 884, 905, 7
MM, 884, 905, 8
MM, 884, 904, 7
MM, 884, 904, 7
MM, 884, 903, 7
MM, 884, 902, 8
MM, 884, 901, 7
MM, 884, 899, 7
MM, 884, 898, 7
MM, 884, 897, 8
MM, 884, 896, 7
MM, 884, 895, 7
MM, 884, 894, 8
MM, 884, 892, 8
MM, 884, 892, 6
MM, 884, 891, 7
MM, 884, 891, 8
MM, 884, 890, 7
MM, 884, 889, 7
MM, 884, 889, 8
MM, 884, 888, 7
MM, 884, 887, 7
MM, 884, 886, 8
MM, 884, 886, 7
MM, 884, 885, 7
MM, 884, 884, 7
MM, 884, 886, 1000
MM, 884, 889, 7
MM, 884, 894, 7
MM, 884, 898, 7
MM, 884, 903, 7
MM, 884, 906, 8
MM, 884, 909, 7
MM, 884, 911, 7
MM, 884, 913, 9
MM, 884, 914, 6
MM, 884, 916, 7
MM, 884, 916, 7
MM, 884, 917, 8
MM, 884, 918, 8
MM, 884, 918, 6
MM, 884, 919, 10
MM, 884, 919, 5
MM, 884, 920, 7
MM, 884, 921, 8
MM, 884, 921, 7
MM, 884, 922, 7
MM, 884, 923, 15
MM, 884, 923, 15
MM, 884, 924, 6
MM, 884, 924, 8
MM, 884, 925, 7
MM, 884, 926, 7
MM, 884, 926, 9
MM, 884, 927, 6
MM, 884, 928, 7
MM, 884, 929, 9
MM, 885, 931, 6
MM, 885, 934, 7
MM, 885, 936, 7
MM, 885, 938, 8
MM, 885, 941, 7
MM, 885, 943, 8
MM, 885, 944, 6
MM, 885, 946, 9
MM, 885, 948, 7
MM, 885, 950, 7
MM, 885, 952, 8
MM, 886, 954, 6
MM, 887, 958, 7
MM, 887, 960, 7
MM, 887, 963, 8
MM, 887, 965, 7
MM, 887, 967, 7
MM, 887, 969, 7
MM, 887, 971, 8
MM, 887, 973, 7
MM, 887, 974, 7
MM, 887, 975, 8
MM, 887, 976, 7
MM, 887, 978, 7
MM, 887, 979, 8
MM, 887, 979, 7
MM, 887, 981, 7
MM, 887, 982, 8
MM, 887, 983, 7
MM, 887, 984, 7
MM, 887, 986, 7
MM, 887, 987, 7
MM, 887, 988, 8
MM, 887, 989, 7
MM, 887, 989, 7
MM, 887, 990, 8
MM, 887, 991, 7
MM, 887, 991, 7
MM, 887, 992, 16
MM, 887, 992, 6
MM, 888, 992, 44
MM, 889, 992, 7
MM, 889, 992, 7
MM, 890, 992, 9
MM, 890, 992, 6
MM, 891, 988, 7
MM, 892, 984, 8
MM, 892, 980, 7
MM, 892, 975, 9
MM, 892, 970, 5
MM, 892, 966, 8
MM, 892, 961, 8
MM, 892, 957, 6
MM, 892, 952, 7
MM, 892, 948, 8
MM, 892, 944, 7
MM, 892, 940, 9
MM, 892, 937, 7
MM, 892, 935, 6
MM, 892, 933, 7
MM, 892, 931, 8
MM, 892, 929, 7
MM, 892, 927, 8
MM, 892, 925, 7
MM, 892, 923, 7
MM, 892, 921, 7
MM, 892, 917, 7
MM, 892, 915, 8
MM, 892, 912, 7
MM, 892, 909, 7
MM, 892, 907, 8
MM, 892, 905, 8
MM, 892, 903, 6
MM, 892, 902, 10
MM, 892, 900, 8
MM, 892, 898, 4
MM, 892, 897, 9
MM, 892, 896, 6
MM, 892, 895, 7
MM, 892, 894, 7
MM, 892, 893, 8
MM, 892, 892, 7
MM, 892, 891, 8
MM, 892, 890, 6
MM, 892, 889, 9
MM, 892, 888, 6
MM, 892, 887, 7
MM, 892, 886, 7
MM, 892, 884, 8
MM, 892, 884, 7
MM, 892, 883, 7
MM, 892, 883, 59
MM, 893, 883, 7
MM, 894, 883, 7
MM, 895, 884, 7
MM, 896, 888, 8
MM, 897, 893, 9
MM, 899, 900, 7
MM, 900, 905, 7
MM, 901, 911, 10
MM, 901, 917, 8
MM, 902, 925, 4
MM, 903, 933, 7
MM, 904, 940, 7
MM, 904, 945, 7
MM, 905, 950, 7
MM, 905, 954, 9
MM, 906, 960, 5
MM, 907, 966, 7
MM, 907, 972, 8
MM, 907, 980, 7
MM, 908, 986, 8
MM, 908, 992, 7
MM, 908, 996, 7
MM, 908, 1000, 7
MM, 908, 1003, 7
MM, 908, 1005, 8
MM, 908, 1006, 7
MM, 908, 1007, 7
MM, 908, 1008, 7
MM, 908, 1008, 9
MM, 908, 1010, 6
MM, 908, 1010, 9
MM, 908, 1011, 6
MM, 908, 1011, 7
MM, 908, 1013, 7
MM, 908, 1013, 8
MM, 908, 1014, 7
MM, 908, 1015, 7
MM, 908, 1016, 8
MM, 908, 1016, 7
MM, 908, 1017, 7
MM, 908, 1018, 7
MM, 908, 1018, 7
MM, 908, 1019, 8
MM, 908, 1020, 7
MM, 908, 1020, 8
MM, 908, 1021, 7
MM, 908, 1022, 7
MM, 908, 1023, 8
MM, 908, 1024, 6
MM, 908, 1025, 8
MM, 908, 1025, 7
MM, 908, 1026, 8
MM, 908, 1026, 7
MM, 908, 1027, 9
MM, 908, 1028, 9
MM, 908, 1028, 4
MM, 908, 1029, 7
MM, 908, 1030, 14
MM, 908, 1030, 3
MP, 1, 638
MR, 1, 98
MC, 1, 0
MM, 901, 1030, 11143
MM, 885, 1030, 7
MM, 840, 1030, 8
MM, 805, 1019, 7
MM, 757, 1008, 7
MM, 715, 995, 11
MM, 676, 984, 4
MM, 628, 971, 7
MM, 595, 960, 8
MM, 560, 947, 9
MM, 523, 930, 5
MM, 495, 914, 7
MM, 460, 899, 9
MM, 427, 884, 6
MM, 403, 871, 7
MM, 385, 858, 8
MM, 368, 840, 8
MM, 351, 821, 7
MM, 336, 801, 7
MM, 325, 786, 6
MM, 318, 773, 8
MM, 314, 764, 7
MM, 312, 757, 7
MM, 311, 754, 8
MM, 310, 753, 7
MM, 309, 752, 7
MM, 309, 751, 7
MM, 307, 751, 197
MM, 303, 751, 8
MM, 294, 751, 7
MM, 280, 751, 7
MM, 267, 751, 7
MM, 255, 750, 8
MM, 237, 747, 7
MM, 220, 743, 8
MM, 206, 740, 7
MM, 194, 737, 7
MM, 182, 735, 7
MM, 166, 732, 7
MM, 153, 730, 8
MM, 142, 729, 7
MM, 134, 728, 7
MM, 127, 728, 8
MM, 120, 728, 7
MM, 111, 728, 11
MM, 101, 728, 4
MM, 93, 728, 7
MM, 85, 728, 9
MM, 80, 728, 8
MM, 76, 728, 6
MM, 72, 728, 7
MM, 69, 728, 8
MM, 66, 728, 10
MM, 63, 728, 6
MM, 61, 728, 7
MM, 59, 728, 4
MM, 58, 728, 8
MM, 56, 728, 7
MM, 54, 728, 7
MM, 53, 728, 7
MM, 51, 728, 8
MM, 49, 728, 7
MM, 48, 728, 7
MM, 47, 727, 8
MM, 46, 726, 7
MM, 44, 726, 7
MM, 43, 725, 9
MM, 42, 724, 6
MM, 41, 724, 7
MM, 41, 724, 10
MM, 40, 724, 5
MM, 39, 724, 8
MM, 39, 724, 7
MM, 38, 724, 7
MM, 38, 724, 153
MP, 1, 220
MR, 1, 88
MC, 1, 0
MM, 44, 720, 727
MM, 64, 708, 7
MM, 114, 684, 9
MM, 163, 660, 7
MM, 219, 636, 8
MM, 265, 616, 5
MM, 318, 599, 7
MM, 361, 588, 8
MM, 407, 579, 7
MM, 455, 575, 7
MM, 501, 568, 7
MM, 556, 560, 8
MM, 611, 551, 7
MM, 661, 547, 7
MM, 707, 544, 8
MM, 746, 540, 7
MM, 779, 536, 8
MM, 807, 536, 7
MM, 833, 536, 6
MM, 855, 536, 8
MM, 870, 536, 7
MM, 884, 536, 8
MM, 894, 536, 7
MM, 904, 536, 7
MM, 911, 536, 7
MM, 916, 536, 8
MM, 919, 536, 7
MM, 921, 536, 7
MM, 923, 536, 9
MM, 924, 536, 6
MM, 925, 536, 7
MM, 925, 536, 7
MM, 926, 536, 22
MM, 927, 537, 59
MM, 927, 539, 7
MM, 927, 541, 8
MM, 927, 542, 7
MM, 927, 544, 7
MM, 927, 546, 8
MM, 927, 547, 7
MM, 927, 548, 7
MM, 927, 549, 8
MM, 927, 550, 7
MM, 927, 551, 7
MM, 927, 551, 7
MM, 927, 552, 7
MM, 927, 552, 9
MM, 927, 553, 6
MM, 927, 554, 7
MM, 927, 554, 7
MM, 927, 555, 7
MM, 927, 556, 8
MM, 927, 554, 6589
MM, 927, 552, 7
MM, 927, 549, 8
MM, 927, 547, 7
MM, 930, 544, 7
MM, 933, 540, 7
MM, 937, 536, 8
MM, 941, 532, 7
MM, 947, 526, 8
MM, 953, 520, 7
MM, 960, 515, 7
MM, 966, 510, 8
MM, 971, 507, 7
MM, 975, 503, 7
MM, 979, 501, 9
MM, 983, 498, 7
MM, 986, 496, 6
MM, 988, 495, 8
MM, 990, 495, 10
MM, 992, 493, 4
MM, 994, 493, 7
MM, 996, 492, 7
MM, 998, 491, 8
MM, 1000, 491, 7
MM, 1002, 490, 7
MM, 1005, 489, 7
MM, 1007, 489, 8
MM, 1009, 488, 7
MM, 1011, 487, 7
MM, 1013, 487, 8
MM, 1015, 486, 7
MM, 1017, 486, 7
MM, 1018, 486, 7
MM, 1020, 486, 7
MM, 1021, 486, 8
MM, 1023, 485, 8
MM, 1023, 485, 7
MM, 1024, 485, 9
MM, 1025, 485, 6
MM, 1025, 485, 8
MM, 1026, 485, 6
MM, 1028, 485, 9
MM, 1028, 485, 7
MM, 1030, 485, 6
MM, 1030, 485, 10
MM, 1031, 485, 7
MM, 1031, 485, 4
MM, 1032, 485, 8
MM, 1033, 485, 7
MM, 1033, 485, 14
MM, 1033, 487, 3251
MM, 1033, 491, 8
MM, 1033, 495, 7
MM, 1033, 500, 7
MM, 1033, 507, 7
MM, 1033, 518, 8
MM, 1033, 530, 7
MM, 1032, 541, 8
MM, 1031, 557, 7
MM, 1030, 580, 7
MM, 1028, 604, 7
MM, 1027, 628, 7
MM, 1025, 653, 9
MM, 1023, 674, 8
MM, 1022, 690, 5
MM, 1019, 710, 7
MM, 1017, 730, 8
MM, 1015, 745, 8
MM, 1014, 759, 12
MM, 1010, 774, 3
MM, 1007, 788, 9
MM, 1003, 801, 6
MM, 1000, 815, 8
MM, 998, 826, 6
MM, 997, 834, 8
MM, 995, 841, 10
MM, 994, 845, 3
MM, 993, 848, 7
MM, 992, 852, 7
MM, 991, 854, 7
MM, 990, 856, 8
MM, 990, 858, 8
MM, 989, 859, 7
MM, 988, 860, 7
MM, 988, 860, 8
MM, 988, 861, 6
MM, 988, 861, 7
MM, 988, 862, 8
MM, 988, 863, 7
MM, 987, 863, 7
MM, 987, 864, 8
MM, 987, 865, 7
MM, 987, 865, 7
MM, 986, 866, 8
MM, 986, 866, 7
MM, 985, 867, 7
MM, 985, 867, 7
MM, 987, 867, 95
MM, 991, 867, 9
MM, 996, 867, 6
MM, 1002, 867, 7
MM, 1007, 867, 8
MM, 1012, 867, 7
MM, 1016, 867, 7
MM, 1020, 867, 7
MM, 1023, 867, 7
MM, 1026, 867, 8
MM, 1028, 867, 7
MM, 1031, 867, 7
MM, 1033, 867, 8
MM, 1035, 867, 7
MM, 1038, 867, 7
MM, 1040, 868, 8
MM, 1042, 868, 7
MM, 1043, 868, 8
MM, 1044, 868, 7
MM, 1045, 868, 22
MM, 1046, 868, 1
MM, 1046, 868, 3
MM, 1047, 868, 3
MM, 1047, 869, 21
MM, 1048, 869, 22
MM, 1048, 870, 8
MM, 1049, 870, 7
MM, 1050, 871, 7
MM, 1051, 871, 7
MM, 1051, 872, 8
MM, 1052, 873, 7
MM, 1053, 873, 7
MM, 1053, 874, 8
MM, 1053, 875, 28
MM, 1053, 875, 9
MM, 1053, 876, 7
MM, 1053, 876, 7
MM, 1053, 877, 7
MM, 1053, 878, 8
MM, 1053, 878, 8
MM, 1053, 880, 7
MM, 1053, 881, 6
MM, 1053, 885, 9
MM, 1052, 888, 6
MM, 1048, 892, 7
MM, 1041, 898, 7
MM, 1032, 905, 8
MM, 1023, 913, 7
MM, 1014, 920, 7
MM, 1007, 927, 7
MM, 999, 934, 8
MM, 992, 942, 7
MM, 984, 949, 7
MM, 977, 956, 7
MM, 970, 965, 8
MM, 964, 972, 9
MM, 959, 978, 5
MM, 954, 984, 9
MM, 951, 989, 6
MM, 947, 993, 7
MM, 946, 996, 7
MM, 944, 997, 8
MM, 942, 997, 3287
MM, 934, 1003, 9
MM, 921, 1015, 6
MM, 908, 1027, 7
MM, 893, 1038, 7
MM, 879, 1050, 8
MM, 866, 1061, 7
MM, 855, 1073, 8
MM, 846, 1079, 6
MM, 839, 1079, 8
MM, 833, 1079, 7
MM, 830, 1079, 7
MM, 827, 1079, 8
MM, 823, 1079, 7
MM, 821, 1079, 7
MM, 820, 1079, 8
MM, 819, 1079, 10
MM, 819, 1079, 5
MM, 819, 1079, 7
MM, 819, 1079, 7
MM, 819, 1079, 7
MM, 819, 1079, 8
MM, 819, 1077, 72
MM, 820, 1071, 7
MM, 827, 1058, 8
MM, 836, 1047, 9
MM, 844, 1036, 7
MM, 852, 1024, 6
MM, 860, 1006, 8
MM, 869, 989, 7
MM, 875, 975, 8
MM, 880, 965, 16
MM, 884, 956, 2
MM, 888, 949, 4
MM, 891, 943, 6
MM, 893, 940, 7
MM, 894, 938, 7
MM, 894, 936, 7
MM, 895, 936, 8
MM, 895, 935, 10
MM, 895, 935, 4
MM, 895, 934, 8
MM, 895, 935, 146
MM, 895, 938, 7
MM, 895, 944, 8
MM, 895, 952, 7
MM, 895, 957, 7
MM, 895, 963, 7
MM, 895, 967, 8
MM, 895, 972, 6
MM, 895, 975, 8
MM, 895, 978, 7
MM, 895, 981, 7
MM, 895, 984, 7
MM, 895, 988, 8
MM, 895, 992, 8
MM, 895, 994, 6
MM, 894, 997, 7
MM, 893, 1001, 8
MM, 893, 1004, 7
MM, 893, 1008, 7
MM, 893, 1012, 8
MM, 893, 1015, 7
MM, 893, 1018, 8
MM, 893, 1021, 6
MM, 893, 1023, 8
MM, 893, 1025, 7
MM, 893, 1027, 7
MM, 893, 1027, 8
MM, 893, 1028, 7
MM, 893, 1029, 8
MM, 893, 1030, 6
MM, 893, 1030, 8
MP, 1, 6128
MR, 1, 101
MC, 1, 0
MM, 893, 1028, 156
MM, 893, 1025, 7
MM, 894, 1021, 7
MM, 900, 1016, 10
MM, 907, 1010, 14
MM, 917, 1002, 6
MM, 929, 994, 3
MM, 941, 986, 15
MM, 952, 977, 1
MM, 963, 972, 4
MM, 973, 966, 6
MM, 981, 961, 8
MM, 988, 957, 7
MM, 994, 954, 11
MM, 1000, 950, 5
MM, 1005, 948, 6
MM, 1009, 946, 8
MM, 1012, 945, 8
MM, 1014, 944, 5
MM, 1016, 944, 8
MM, 1017, 943, 7
MM, 1018, 942, 7
MM, 1019, 942, 7
MM, 1020, 942, 7
MM, 1021, 942, 8
MM, 1021, 942, 7
MM, 1022, 941, 7
MM, 1022, 941, 8
MM, 1022, 939, 109
MM, 1023, 938, 7
MM, 1024, 937, 7
MM, 1024, 936, 9
MM, 1025, 936, 6
MM, 1026, 935, 9
MM, 1026, 932, 6
MM, 1027, 931, 7
MM, 1027, 930, 7
MM, 1027, 929, 8
MM, 1027, 929, 7
MM, 1027, 928, 8
MM, 1027, 927, 7
MM, 1027, 927, 7
MM, 1027, 926, 8
MM, 1028, 925, 6
MM, 1028, 924, 8
MM, 1028, 924, 7
MM, 1028, 923, 14
MM, 1028, 922, 8
MM, 1028, 922, 7
MM, 1028, 921, 7
MM, 1028, 921, 8
MM, 1028, 920, 36
MM, 1027, 920, 6779
MM, 1026, 920, 8
MM, 1024, 920, 6
MM, 1022, 916, 8
MM, 1020, 909, 7
MM, 1017, 901, 8
MM, 1015, 894, 7
MM, 1013, 887, 7
MM, 1012, 880, 8
MM, 1011, 871, 6
MM, 1010, 860, 8
MM, 1009, 851, 7
MM, 1008, 841, 8
MM, 1007, 832, 7
MM, 1006, 823, 7
MM, 1005, 812, 7
MM, 1003, 802, 8
MM, 1002, 793, 7
MM, 1001, 787, 7
MM, 1000, 781, 8
MM, 999, 777, 7
MM, 998, 775, 8
MM, 998, 773, 6
MM, 998, 771, 8
MM, 998, 769, 7
MM, 998, 768, 7
MM, 998, 767, 7
MM, 998, 765, 8
MM, 998, 765, 7
MM, 998, 764, 8
MM, 998, 764, 7
MM, 998, 765, 452
MM, 998, 767, 7
MM, 998, 769, 7
MM, 998, 770, 8
MM, 998, 772, 7
MM, 998, 775, 7
MM, 995, 782, 7
MM, 989, 797, 8
MM, 980, 815, 7
MM, 971, 833, 7
MM, 963, 855, 7
MM, 957, 871, 8
MM, 952, 885, 7
MM, 948, 898, 7
MM, 945, 908, 8
MM, 943, 922, 7
MM, 941, 930, 7
MM, 940, 938, 7
MM, 939, 942, 8
MM, 938, 946, 8
MM, 937, 949, 6
MM, 937, 951, 8
MM, 936, 952, 7
MM, 935, 953, 7
MM, 935, 954, 8
MM, 934, 955, 7
MM, 934, 957, 7
MM, 934, 958, 8
MM, 934, 959, 7
MM, 934, 959, 7
MM, 934, 960, 8
MM, 934, 960, 6
MM, 934, 961, 8
MM, 934, 962, 7
MM, 934, 961, 198
MM, 934, 959, 6
MM, 934, 955, 8
MM, 934, 952, 8
MM, 934, 950, 6
MM, 934, 948, 8
MM, 934, 946, 7
MM, 934, 944, 8
MM, 934, 942, 7
MM, 934, 941, 7
MM, 934, 940, 7
MM, 934, 938, 7
MM, 934, 937, 8
MM, 933, 935, 7
MM, 933, 933, 7
MM, 933, 932, 8
MM, 933, 930, 7
MM, 933, 928, 7
MM, 933, 927, 7
MM, 933, 926, 7
MM, 933, 925, 7
MM, 933, 924, 8
MM, 933, 924, 8
MM, 933, 924, 3682
MM, 933, 925, 5
MM, 933, 927, 9
MM, 933, 931, 6
MM, 933, 933, 9
MM, 933, 938, 6
MM, 933, 941, 7
MM, 933, 946, 8
MM, 933, 950, 11
MM, 933, 952, 7
MM, 931, 955, 3
MM, 931, 957, 13
MM, 930, 958, 2
MM, 930, 959, 7
MM, 929, 961, 7
MM, 928, 962, 7
MM, 928, 963, 8
MM, 927, 964, 7
MM, 926, 966, 7
MM, 925, 968, 7
MM, 923, 970, 8
MM, 921, 973, 7
MM, 920, 976, 8
MM, 919, 979, 7
MM, 918, 981, 7
MM, 916, 983, 7
MM, 916, 985, 7
MM, 915, 986, 8
MM, 915, 988, 8
MM, 914, 988, 7
MM, 913, 989, 7
MM, 913, 990, 8
MM, 912, 992, 6
MM, 911, 993, 8
MM, 911, 995, 7
MM, 910, 998, 7
MM, 910, 1000, 7
MM, 909, 1001, 8
MM, 908, 1003, 7
MM, 908, 1003, 8
MM, 907, 1004, 9
MM, 907, 1005, 6
MM, 907, 1006, 6
MM, 907, 1006, 11
MM, 907, 1007, 5
MM, 907, 1008, 8
MM, 907, 1008, 6
MM, 907, 1009, 9
MM, 907, 1009, 5
MM, 906, 1010, 7
MM, 906, 1011, 7
MM, 906, 1011, 9
MM, 906, 1012, 6
MM, 906, 1013, 8
MM, 906, 1013, 7
MM, 906, 1014, 7
MM, 906, 1014, 19
MM, 906, 1015, 39
MM, 906, 1016, 15
MM, 906, 1016, 29
MM, 906, 1017, 14
MM, 906, 1018, 15
MM, 906, 1018, 7
MM, 906, 1019, 8
MM, 906, 1019, 7
MM, 906, 1020, 7
MM, 906, 1021, 8
MM, 906, 1021, 7
MM, 906, 1022, 16
MM, 906, 1023, 43
MM, 906, 1023, 43
MM, 906, 1021, 444
MM, 906, 1018, 10
MM, 906, 1016, 6
MM, 906, 1013, 6
MM, 906, 1009, 7
MM, 906, 1004, 8
MM, 906, 999, 7
MM, 906, 994, 7
MM, 906, 989, 8
MM, 906, 983, 7
MM, 906, 978, 7
MM, 906, 973, 8
MM, 906, 968, 7
MM, 906, 961, 7
MM, 906, 956, 8
MM, 906, 951, 7
MM, 906, 946, 7
MM, 906, 942, 7
MM, 906, 936, 8
MM, 906, 932, 7
MM, 906, 926, 7
MM, 906, 921, 8
MM, 906, 916, 7
MM, 906, 912, 7
MM, 906, 908, 7
MM, 906, 904, 8
MM, 906, 900, 7
MM, 906, 896, 7
MM, 906, 893, 8
MM, 906, 890, 7
MM, 906, 887, 7
MM, 906, 883, 7
MM, 906, 881, 8
MM, 906, 878, 7
MM, 906, 875, 8
MM, 906, 872, 7
MM, 906, 870, 7
MM, 906, 869, 8
MM, 906, 867, 6
MM, 906, 866, 8
MM, 906, 865, 8
MM, 906, 864, 6
MM, 906, 862, 9
MM, 906, 862, 13
MM, 906, 865, 109
MM, 906, 869, 8
MM, 906, 872, 7
MM, 906, 876, 8
MM, 906, 881, 6
MM, 906, 885, 10
MM, 906, 890, 7
MM, 906, 895, 6
MM, 906, 900, 7
MM, 906, 903, 7
MM, 905, 906, 9
MM, 904, 910, 6
MM, 904, 912, 8
MM, 903, 915, 6
MM, 902, 919, 8
MM, 901, 923, 7
MM, 901, 926, 7
MM, 900, 929, 7
MM, 899, 932, 8
MM, 899, 934, 7
MM, 899, 936, 7
MM, 898, 937, 8
MM, 898, 938, 7
MM, 898, 939, 7
MM, 897, 941, 7
MM, 897, 942, 7
MM, 897, 943, 8
MM, 897, 944, 7
MM, 897, 944, 7
MM, 897, 945, 8
MM, 897, 946, 8
MM, 897, 946, 7
MM, 897, 947, 7
MM, 897, 948, 7
MM, 897, 948, 7
MM, 897, 949, 8
MM, 897, 949, 28
MM, 897, 950, 2
MM, 897, 951, 28
MM, 897, 951, 15
MM, 897, 952, 8
MM, 896, 953, 7
MM, 896, 953, 6
MM, 895, 954, 8
MM, 895, 954, 7
MM, 895, 955, 7
MM, 895, 956, 7
MM, 894, 956, 7
MM, 894, 957, 8
MM, 893, 958, 7
MM, 892, 958, 8
MM, 892, 959, 7
MM, 892, 959, 7
MM, 892, 960, 7
MM, 892, 961, 7
MM, 892, 962, 8
MM, 891, 963, 8
MM, 891, 963, 6
MM, 891, 964, 8
MM, 890, 965, 8
MM, 890, 966, 6
MM, 890, 968, 7
MM, 890, 968, 8
MM, 890, 969, 8
MM, 890, 969, 6
MM, 890, 971, 8
MM, 890, 971, 7
MM, 890, 972, 7
MM, 890, 973, 8
MM, 890, 973, 7
MM, 890, 974, 7
MM, 890, 974, 7
MM, 890, 975, 8
MM, 890, 976, 7
MM, 890, 976, 7
MM, 890, 977, 7
MM, 890, 978, 8
MM, 890, 978, 7
MM, 890, 979, 16
MM, 890, 979, 6
MM, 890, 980, 7
MM, 890, 981, 7
MM, 890, 981, 15
MM, 890, 982, 7
MM, 890, 983, 8
MM, 890, 983, 7
MM, 890, 984, 7
MM, 890, 984, 8
MM, 890, 985, 7
MM, 890, 986, 7
MM, 890, 986, 10
MM, 890, 987, 5
MM, 890, 988, 7
MM, 890, 988, 7
MM, 890, 989, 9
MM, 890, 989, 6
MM, 890, 990, 7
MM, 890, 991, 8
MM, 890, 991, 7
MM, 890, 992, 9
MM, 890, 993, 6
MM, 890, 993, 7
MM, 890, 994, 10
MM, 890, 994, 5
MM, 890, 995, 8
MM, 890, 996, 6
MM, 890, 996, 10
MM, 889, 997, 7
MM, 889, 998, 5
MM, 889, 998, 8
MM, 889, 999, 6
MM, 889, 999, 7
MM, 889, 1000, 8
MM, 889, 1001, 7
MM, 889, 1001, 8
MM, 889, 1002, 8
MM, 889, 1003, 6
MM, 889, 1003, 7
MM, 889, 1004, 8
MM, 889, 1004, 8
MM, 889, 1005, 6
MM, 889, 1006, 8
MM, 889, 1006, 14
MM, 889, 1007, 7
MM, 889, 1008, 8
MM, 889, 1008, 7
MM, 889, 1009, 7
MM, 889, 1009, 8
MM, 889, 1010, 9
MM, 889, 1011, 6
MM, 889, 1011, 6
MM, 889, 1012, 10
MM, 889, 1013, 16
MM, 889, 1013, 7
MM, 889, 1014, 5
MM, 889, 1014, 8
MM, 889, 1015, 6
MM, 889, 1016, 6
MM, 889, 1016, 9
MM, 889, 1017, 6
MM, 889, 1017, 8
MM, 889, 1019, 7
MM, 889, 1020, 7
MM, 889, 1021, 7
MM, 889, 1022, 8
MM, 889, 1022, 7
MM, 889, 1023, 9
MM, 889, 1024, 7
MM, 889, 1024, 7
MM, 889, 1025, 6
MM, 889, 1026, 8
MM, 889, 1026, 7
MP, 1, 356
MR, 1, 98
MC, 1, 0
MM, 889, 1025, 165
MM, 889, 1015, 7
MM, 894, 988, 9
MM, 906, 959, 6
MM, 920, 933, 8
MM, 934, 903, 7
MM, 949, 871, 7
MM, 961, 844, 7
MM, 971, 820, 7
MM, 981, 795, 8
MM, 991, 771, 7
MM, 999, 752, 8
MM, 1009, 734, 7
MM, 1016, 721, 7
MM, 1022, 711, 7
MM, 1026, 704, 7
MM, 1028, 700, 8
MM, 1029, 699, 8
MM, 1030, 698, 7
MM, 1031, 697, 7
MM, 1031, 696, 7
MM, 1031, 696, 8
MM, 1031, 696, 6873
MM, 1031, 697, 8
MM, 1031, 698, 7
MM, 1031, 698, 15
MM, 1028, 698, 9
MM, 1024, 699, 6
MM, 1018, 699, 6
MM, 1009, 699, 8
MM, 1000, 699, 6
MM, 990, 699, 8
MM, 979, 699, 7
MM, 967, 699, 7
MM, 955, 699, 7
MM, 944, 699, 7
MM, 934, 699, 8
MM, 924, 699, 7
MM, 915, 699, 7
MM, 905, 699, 8
MM, 895, 699, 7
MM, 887, 694, 7
MM, 880, 690, 9
MM, 874, 686, 14
MM, 869, 683, 0
MM, 864, 679, 6
MM, 860, 675, 8
MM, 856, 671, 7
MM, 853, 668, 7
MM, 850, 664, 8
MM, 847, 659, 7
MM, 844, 654, 7
MM, 842, 649, 8
MM, 841, 645, 7
MM, 840, 641, 8
MM, 839, 638, 6
MM, 839, 635, 7
MM, 839, 633, 8
MM, 839, 631, 8
MM, 839, 629, 7
MM, 839, 628, 7
MM, 839, 626, 7
MM, 839, 624, 7
MM, 839, 623, 7
MM, 839, 621, 8
MM, 839, 619, 7
MM, 839, 618, 7
MM, 839, 617, 8
MM, 839, 616, 7
MM, 839, 616, 7
MM, 839, 615, 8
MM, 836, 615, 540
MM, 830, 615, 12
MM, 813, 615, 5
MM, 792, 615, 6
MM, 766, 615, 5
MM, 735, 615, 8
MM, 701, 615, 7
MM, 658, 613, 7
MM, 615, 611, 7
MM, 574, 609, 8
MM, 523, 604, 7
MM, 482, 604, 7
MM, 432, 604, 7
MM, 390, 604, 8
MM, 344, 604, 7
MM, 300, 604, 7
MM, 263, 604, 7
MM, 220, 615, 9
MM, 187, 622, 6
MM, 152, 630, 7
MM, 121, 639, 8
MM, 97, 646, 7
MM, 80, 652, 7
MM, 69, 658, 9
MM, 64, 660, 9
MM, 61, 662, 5
MM, 60, 663, 7
MM, 59, 664, 7
MM, 58, 665, 7
MM, 57, 665, 8
MM, 57, 666, 7
MM, 56, 667, 7
MM, 56, 667, 10
MM, 55, 667, 6
MM, 54, 667, 6
MM, 54, 667, 7
MM, 54, 667, 7
MM, 54, 668, 8
MM, 54, 668, 7
MM, 53, 668, 15
MM, 53, 669, 7
MM, 52, 670, 7
MM, 52, 670, 7
MM, 51, 671, 7
MM, 51, 672, 8
MM, 50, 672, 7
MM, 49, 673, 7
MM, 48, 673, 8
MM, 46, 675, 8
MM, 44, 676, 8
MM, 41, 677, 6
MM, 39, 678, 8
MM, 37, 680, 7
MM, 35, 681, 8
MM, 33, 683, 6
MM, 31, 685, 7
MM, 29, 686, 8
MM, 28, 687, 7
MM, 27, 688, 7
MM, 26, 690, 7
MM, 24, 690, 8
MM, 24, 691, 7
MM, 23, 692, 7
MM, 22, 692, 8
MM, 22, 693, 7
MM, 21, 693, 7
MM, 21, 694, 7
MM, 20, 695, 8
MM, 19, 695, 7
MM, 19, 695, 7
MM, 18, 695, 7
MM, 18, 695, 132
MM, 18, 696, 36
MP, 1, 1397
MR, 1, 100
MC, 1, 0
MM, 25, 689, 770
MM, 57, 660, 7
MM, 110, 619, 8
MM, 166, 573, 7
MM, 230, 533, 7
MM, 289, 494, 7
MM, 354, 453, 8
MM, 420, 422, 7
MM, 483, 394, 7
MM, 562, 363, 7
MM, 632, 341, 8
MM, 700, 321, 7
MM, 770, 304, 7
MM, 837, 293, 7
MM, 890, 289, 8
MM, 938, 289, 7
MM, 971, 289, 7
MM, 999, 289, 8
MM, 1021, 289, 8
MM, 1038, 289, 6
MM, 1050, 297, 7
MM, 1055, 303, 8
MM, 1059, 307, 7
MM, 1062, 309, 8
MM, 1063, 311, 7
MM, 1064, 313, 7
MM, 1064, 314, 7
MM, 1065, 316, 8
MM, 1065, 316, 7
MM, 1065, 318, 7
MM, 1065, 319, 7
MM, 1065, 320, 8
MM, 1065, 322, 7
MM, 1065, 324, 7
MM, 1065, 328, 7
MM, 1064, 331, 8
MM, 1060, 336, 8
MM, 1051, 344, 6
MM, 1041, 352, 9
MM, 1030, 361, 7
MM, 1023, 369, 9
MM, 1016, 375, 5
MM, 1011, 380, 8
MM, 1007, 385, 6
MM, 1004, 388, 8
MM, 1002, 390, 10
MM, 1001, 391, 6
MM, 1000, 392, 6
MM, 999, 392, 7
MM, 999, 393, 7
MM, 998, 394, 7
MM, 997, 394, 7
MM, 997, 394, 7
MM, 997, 395, 8
MM, 998, 395, 14
MM, 1002, 397, 8
MM, 1006, 397, 7
MM, 1012, 400, 8
MM, 1017, 402, 7
MM, 1023, 405, 7
MM, 1032, 407, 9
MM, 1042, 411, 5
MM, 1051, 416, 8
MM, 1058, 419, 7
MM, 1066, 424, 10
MM, 1073, 428, 5
MM, 1080, 433, 7
MM, 1085, 437, 7
MM, 1091, 440, 7
MM, 1096, 443, 8
MM, 1100, 447, 8
MM, 1104, 449, 7
MM, 1107, 450, 7
MM, 1110, 452, 7
MM, 1112, 454, 9
MM, 1115, 455, 5
MM, 1116, 456, 8
MM, 1118, 457, 7
MM, 1118, 457, 8
MM, 1119, 458, 7
MM, 1119, 458, 7
MM, 1120, 459, 8
MM, 1120, 460, 7
MM, 1120, 460, 7
MM, 1120, 461, 22
MM, 1121, 461, 15
MM, 1121, 461, 59
MM, 1121, 462, 13
MM, 1122, 462, 8
MM, 1123, 462, 15
MM, 1123, 462, 6
MM, 1124, 462, 8
MM, 1124, 462, 7
MM, 1125, 462, 9
MM, 1126, 462, 6
MM, 1126, 462, 7
MM, 1127, 463, 7
MM, 1128, 463, 7
MM, 1128, 463, 9
MM, 1128, 464, 6
MM, 1129, 465, 15
MM, 1129, 465, 16
MM, 1130, 465, 6
MM, 1130, 466, 7
MM, 1131, 466, 7
MM, 1131, 466, 11
MM, 1131, 466, 3
MM, 1132, 467, 23
MM, 1133, 467, 22
MM, 1133, 467, 22
MM, 1134, 467, 14
MM, 1134, 467, 22
MP, 1, 493
MR, 1, 99
MC, 1, 0
MM, 1132, 467, 202
MM, 1126, 467, 8
MM, 1114, 467, 6
MM, 1096, 467, 8
MM, 1072, 467, 7
MM, 1044, 460, 8
MM, 1003, 447, 7
MM, 969, 435, 7
MM, 922, 416, 7
MM, 876, 401, 8
MM, 823, 383, 10
MM, 764, 370, 5
MM, 697, 355, 7
MM, 636, 339, 7
MM, 570, 322, 7
MM, 498, 309, 8
MM, 426, 300, 8
MM, 356, 291, 8
MM, 288, 285, 6
MM, 244, 278, 7
MM, 194, 267, 7
MM, 161, 256, 8
MM, 139, 245, 7
MM, 120, 235, 7
MM, 106, 225, 7
MM, 95, 216, 7
MM, 87, 206, 8
MM, 81, 197, 7
MM, 77, 192, 7
MM, 75, 189, 7
MM, 74, 187, 8
MM, 73, 186, 7
MM, 72, 186, 8
MM, 72, 185, 6
MM, 71, 184, 8
MM, 70, 184, 204
MM, 66, 184, 9
MM, 62, 180, 6
MM, 55, 172, 7
MM, 48, 162, 7
MM, 38, 148, 7
MM, 30, 134, 8
MM, 24, 124, 7
MM, 18, 115, 7
MM, 14, 107, 8
MM, 11, 100, 7
MM, 8, 94, 7
MM, 6, 88, 8
MM, 4, 84, 8
MM, 2, 79, 6
MM, 1, 76, 7
MM, 0, 73, 7
MM, 0, 71, 8
MM, 0, 70, 7
MM, 0, 68, 7
MM, 0, 68, 8
MM, 0, 67, 7
MM, 0, 66, 7
MM, 0, 66, 8
MM, 0, 66, 14
MP, 1, 538
MR, 1, 98
MC, 1, 0
MM, 1, 66, 260
MM, 6, 66, 8
MM, 12, 66, 7
MM, 18, 66, 7
MM, 23, 66, 7
MM, 27, 66, 8
MM, 31, 66, 7
MM, 35, 66, 7
MM, 38, 67, 8
MM, 41, 70, 7
MM, 43, 73, 7
MM, 45, 76, 8
MM, 47, 78, 7
MM, 50, 80, 7
MM, 52, 82, 8
MM, 55, 84, 8
MM, 57, 86, 6
MM, 60, 88, 7
MM, 64, 90, 8
MM, 68, 92, 7
MM, 71, 95, 7
MM, 75, 97, 8
MM, 79, 100, 8
MM, 82, 103, 6
MM, 85, 105, 8
MM, 88, 107, 8
MM, 91, 109, 8
MM, 95, 112, 5
MM, 100, 114, 8
MM, 105, 116, 8
MM, 111, 118, 7
MM, 117, 120, 6
MM, 123, 120, 8
MM, 128, 121, 9
MM, 132, 122, 5
MM, 136, 123, 7
MM, 141, 123, 8
MM, 145, 123, 7
MM, 149, 123, 7
MM, 152, 123, 8
MM, 155, 123, 7
MM, 158, 123, 7
MM, 160, 123, 7
MM, 162, 123, 8
MM, 164, 123, 7
MM, 166, 123, 7
MM, 168, 123, 8
MM, 169, 123, 7
MM, 171, 123, 8
MM, 171, 123, 7
MM, 172, 123, 7
MM, 172, 123, 7
MM, 173, 123, 7
MM, 172, 123, 745
MM, 171, 123, 6
MM, 170, 123, 10
MM, 169, 126, 5
MM, 167, 133, 7
MM, 166, 145, 7
MM, 163, 154, 9
MM, 162, 164, 6
MM, 162, 170, 7
MM, 162, 179, 7
MM, 162, 188, 8
MM, 162, 197, 8
MM, 162, 204, 6
MM, 162, 209, 8
MM, 162, 213, 8
MM, 162, 215, 6
MM, 162, 217, 7
MM, 162, 218, 8
MM, 162, 220, 7
MM, 162, 221, 7
MM, 162, 222, 9
MM, 162, 223, 6
MM, 162, 224, 8
MM, 162, 225, 6
MM, 162, 226, 8
MM, 162, 226, 8
MM, 162, 227, 8
MM, 162, 228, 7
MM, 162, 228, 9
MP, 1, 344
MR, 1, 100
MC, 1, 0
MM, 162, 228, 442
MM, 162, 225, 8
MM, 162, 223, 7
MM, 162, 220, 7
MM, 162, 217, 7
MM, 161, 215, 8
MM, 159, 212, 7
MM, 158, 210, 7
MM, 157, 207, 7
MM, 156, 205, 8
MM, 155, 203, 7
MM, 154, 201, 7
MM, 153, 199, 7
MM, 151, 198, 8
MM, 150, 196, 8
MM, 149, 195, 11
MM, 148, 193, 3
MM, 148, 193, 8
MM, 147, 192, 6
MM, 146, 192, 8
MM, 146, 191, 7
MM, 145, 190, 7
MM, 144, 190, 7
MM, 144, 189, 29
MM, 144, 188, 8
MM, 144, 188, 7
MM, 144, 187, 7
MM, 143, 187, 9
MM, 143, 185, 6
MM, 143, 184, 7
MM, 142, 182, 8
MM, 142, 180, 7
MM, 142, 178, 13
MM, 142, 177, 2
MM, 142, 175, 7
MM, 142, 174, 7
MM, 142, 173, 7
MM, 142, 172, 8
MM, 142, 172, 7
MM, 142, 171, 9
MM, 142, 170, 5
MM, 142, 169, 8
MM, 142, 168, 7
MM, 142, 167, 8
MM, 142, 166, 7
MM, 142, 164, 7
MM, 142, 162, 8
MM, 142, 160, 6
MM, 142, 157, 8
MM, 143, 154, 7
MM, 146, 151, 8
MM, 148, 146, 8
MM, 151, 142, 9
MM, 153, 140, 4
MM, 154, 138, 7
MM, 156, 136, 8
MM, 156, 135, 7
MM, 157, 134, 7
MM, 157, 133, 8
MM, 157, 133, 8
MM, 157, 132, 23
MM, 157, 132, 5
MM, 157, 131, 38
MM, 157, 130, 163
MM, 157, 130, 3
MM, 157, 129, 9
MM, 157, 128, 6
MM, 157, 128, 21
MP, 1, 425
MR, 1, 85
MC, 1, 0
MP, 1, 181
MR, 1, 101
MC, 1, 0
MM, 157, 128, 580
MM, 162, 128, 88
MM, 167, 127, 6
MM, 177, 121, 7
MM, 189, 115, 7
MM, 203, 108, 7
MM, 217, 102, 8
MM, 230, 98, 8
MM, 244, 95, 7
MM, 261, 92, 7
MM, 275, 91, 8
MM, 289, 91, 6
MM, 305, 91, 8
MM, 322, 91, 7
MM, 341, 91, 7
MM, 358, 91, 7
MM, 378, 91, 9
MM, 400, 91, 6
MM, 421, 91, 7
MM, 442, 91, 8
MM, 466, 91, 7
MM, 486, 91, 7
MM, 503, 92, 7
MM, 518, 96, 8
MM, 535, 102, 7
MM, 548, 107, 7
MM, 561, 112, 7
MM, 572, 117, 8
MM, 581, 122, 7
MM, 589, 124, 7
MM, 597, 127, 9
MM, 606, 130, 6
MM, 613, 132, 7
MM, 619, 135, 7
MM, 622, 136, 8
MM, 625, 137, 8
MM, 627, 138, 6
MM, 628, 139, 15
MM, 629, 139, 3
MM, 631, 140, 6
MM, 632, 141, 6
MM, 632, 140, 357
MM, 636, 139, 7
MM, 641, 138, 8
MM, 650, 137, 8
MM, 661, 136, 6
MM, 674, 135, 7
MM, 687, 134, 7
MM, 699, 134, 7
MM, 715, 134, 8
MM, 731, 134, 8
MM, 745, 134, 6
MM, 756, 134, 8
MM, 767, 134, 7
MM, 778, 134, 7
MM, 789, 134, 8
MM, 799, 134, 7
MM, 811, 134, 7
MM, 821, 134, 7
MM, 835, 134, 8
MM, 850, 134, 7
MM, 864, 134, 7
MM, 875, 134, 8
MM, 887, 134, 7
MM, 897, 134, 7
MM, 907, 134, 7
MM, 917, 134, 8
MM, 926, 134, 7
MM, 933, 134, 7
MM, 940, 134, 8
MM, 945, 134, 7
MM, 952, 134, 7
MM, 959, 134, 8
MM, 964, 134, 7
MM, 968, 134, 7
MM, 971, 134, 9
MM, 975, 134, 6
MM, 976, 134, 9
MM, 978, 134, 6
MM, 978, 134, 6
MM, 979, 134, 8
MM, 979, 134, 7
MM, 980, 134, 7
MM, 984, 134, 336
MM, 988, 134, 7
MM, 997, 134, 7
MM, 1010, 134, 7
MM, 1024, 134, 8
MM, 1037, 134, 7
MM, 1053, 134, 7
MM, 1070, 134, 8
MM, 1084, 134, 8
MM, 1097, 134, 8
MM, 1108, 134, 6
MM, 1119, 134, 7
MM, 1130, 134, 10
MM, 1140, 134, 5
MM, 1149, 134, 8
MM, 1158, 134, 6
MM, 1166, 134, 7
MM, 1174, 134, 8
MM, 1184, 134, 7
MM, 1194, 134, 7
MM, 1204, 134, 7
MM, 1214, 134, 10
MM, 1220, 134, 5
MM, 1227, 134, 7
MM, 1233, 134, 7
MM, 1239, 134, 11
MM, 1244, 134, 4
MM, 1250, 134, 8
MM, 1255, 134, 7
MM, 1260, 134, 16
MM, 1266, 134, 1
MM, 1270, 134, 5
MM, 1275, 134, 7
MM, 1279, 134, 9
MM, 1282, 134, 6
MM, 1285, 134, 7
MM, 1288, 134, 7
MM, 1289, 134, 7
MM, 1289, 134, 7
MM, 1291, 134, 8
MM, 1292, 134, 7
MM, 1293, 134, 7
MM, 1298, 134, 905
MM, 1310, 134, 7
MM, 1329, 134, 9
MM, 1350, 134, 5
MM, 1369, 134, 7
MM, 1389, 134, 10
MM, 1409, 134, 5
MM, 1428, 134, 7
MM, 1444, 134, 7
MM, 1459, 134, 8
MM, 1473, 134, 7
MM, 1485, 134, 7
MM, 1497, 134, 8
MM, 1509, 134, 7
MM, 1519, 134, 7
MM, 1529, 134, 7
MM, 1540, 134, 7
MM, 1550, 134, 8
MM, 1561, 134, 8
MM, 1569, 134, 7
MM, 1578, 134, 8
MM, 1583, 133, 7
MM, 1590, 131, 6
MM, 1596, 129, 10
MM, 1601, 128, 6
MM, 1606, 127, 7
MM, 1611, 126, 7
MM, 1614, 126, 7
MM, 1617, 126, 7
MM, 1619, 126, 8
MM, 1620, 126, 7
MM, 1621, 126, 7
MM, 1622, 126, 8
MM, 1623, 126, 7
MM, 1623, 126, 7
MM, 1625, 126, 7
MM, 1626, 126, 8
MM, 1626, 126, 7
MM, 1628, 126, 7
MM, 1630, 126, 8
MM, 1631, 126, 7
MM, 1632, 126, 13
MM, 1633, 126, 8
MM, 1635, 126, 2
MM, 1636, 126, 6
MM, 1636, 126, 8
MM, 1637, 126, 7
MM, 1638, 126, 7
MM, 1638, 126, 7
MM, 1639, 126, 22
MM, 1640, 126, 22
MM, 1641, 126, 9
MM, 1642, 126, 5
MM, 1643, 126, 8
MM, 1645, 126, 7
MM, 1646, 126, 9
MM, 1646, 126, 6
MM, 1648, 126, 6
MM, 1649, 126, 8
MM, 1650, 126, 7
MM, 1652, 126, 8
MM, 1654, 126, 7
MM, 1657, 126, 7
MM, 1660, 126, 8
MM, 1663, 126, 7
MM, 1666, 126, 7
MM, 1670, 126, 7
MM, 1673, 126, 8
MM, 1675, 126, 7
MM, 1677, 126, 7
MM, 1678, 126, 7
MM, 1680, 126, 9
MM, 1681, 126, 8
MM, 1683, 126, 5
MM, 1685, 126, 9
MM, 1688, 125, 6
MM, 1691, 124, 7
MM, 1695, 123, 7
MM, 1698, 122, 12
MM, 1702, 121, 4
MM, 1707, 119, 7
MM, 1711, 118, 7
MM, 1714, 117, 7
MM, 1717, 116, 8
MM, 1720, 116, 10
MM, 1723, 115, 5
MM, 1726, 114, 6
MM, 1730, 113, 8
MM, 1733, 113, 8
MM, 1736, 112, 6
MM, 1739, 111, 7
MM, 1742, 111, 7
MM, 1744, 111, 8
MM, 1745, 111, 7
MM, 1745, 111, 7
MM, 1746, 111, 8
MM, 1747, 111, 7
MM, 1747, 111, 7
MM, 1748, 111, 7
MM, 1749, 111, 37
MM, 1749, 111, 7
MM, 1750, 111, 15
MM, 1750, 111, 7
MM, 1751, 111, 15
MM, 1752, 111, 14
MM, 1752, 111, 15
MM, 1753, 111, 7
MM, 1754, 111, 9
MM, 1754, 111, 6
MM, 1755, 111, 8
MM, 1755, 111, 7
MM, 1755, 111, 87
MM, 1749, 111, 7
MM, 1740, 111, 8
MM, 1728, 111, 6
MM, 1711, 111, 8
MM, 1694, 111, 7
MM, 1678, 111, 7
MM, 1662, 111, 7
MM, 1646, 111, 9
MM, 1630, 111, 6
MM, 1618, 111, 7
MM, 1607, 111, 8
MM, 1599, 111, 7
MM, 1588, 111, 7
MM, 1580, 111, 8
MM, 1570, 111, 7
MM, 1562, 111, 7
MM, 1556, 111, 7
MM, 1552, 111, 8
MM, 1549, 111, 7
MM, 1547, 111, 7
MM, 1546, 111, 7
MM, 1544, 111, 8
MM, 1541, 111, 7
MM, 1538, 111, 9
MM, 1535, 111, 8
MM, 1533, 111, 6
MM, 1530, 111, 8
MM, 1528, 111, 9
MM, 1526, 111, 5
MM, 1524, 111, 7
MM, 1523, 111, 8
MM, 1522, 111, 12
MM, 1521, 111, 4
MM, 1521, 111, 6
MM, 1520, 111, 7
MM, 1519, 111, 11
MM, 1519, 111, 2
MM, 1518, 111, 13
MM, 1518, 111, 2
MM, 1517, 111, 30
MP, 1, 395
MR, 1, 63
MC, 1, 0
MP, 1, 180
MR, 1, 99
MC, 1, 0
MM, 1511, 111, 363
MM, 1496, 111, 8
MM, 1450, 111, 7
MM, 1409, 111, 6
MM, 1339, 111, 7
MM, 1269, 115, 8
MM, 1184, 141, 7
MM, 1094, 167, 8
MM, 1011, 189, 7
MM, 921, 215, 8
MM, 841, 248, 9
MM, 762, 274, 5
MM, 696, 296, 7
MM, 631, 325, 7
MM, 585, 347, 8
MM, 539, 360, 7
MM, 508, 371, 7
MM, 489, 375, 8
MM, 473, 379, 7
MM, 469, 380, 7
MM, 466, 381, 7
MM, 465, 382, 8
MM, 463, 382, 7
MM, 455, 382, 218
MM, 446, 382, 8
MM, 418, 382, 8
MM, 372, 382, 8
MM, 326, 377, 12
MM, 278, 368, 2
MM, 239, 360, 10
MM, 186, 353, 4
MM, 149, 351, 7
MM, 105, 351, 7
MM, 70, 351, 7
MM, 40, 351, 10
MM, 7, 351, 5
MM, 0, 351, 8
MM, 0, 351, 6
MM, 0, 351, 8
MM, 0, 354, 10
MM, 0, 359, 4
MM, 0, 365, 7
MM, 0, 370, 8
MM, 0, 374, 7
MM, 0, 378, 8
MM, 0, 382, 7
MM, 0, 385, 7
MM, 0, 388, 7
MM, 0, 394, 8
MM, 0, 399, 7
MM, 0, 404, 7
MM, 0, 408, 7
MM, 0, 412, 8
MM, 0, 416, 7
MM, 0, 421, 7
MM, 0, 427, 9
MM, 0, 434, 6
MM, 0, 441, 7
MM, 0, 449, 8
MM, 0, 455, 7
MM, 1, 462, 13
MM, 4, 468, 2
MM, 7, 475, 7
MM, 9, 481, 8
MM, 11, 486, 7
MM, 13, 490, 6
MM, 13, 492, 8
MM, 14, 494, 7
MM, 15, 496, 7
MM, 15, 497, 7
MM, 15, 499, 8
MM, 16, 499, 7
MM, 17, 500, 8
MM, 17, 501, 7
MM, 18, 502, 7
MM, 19, 503, 7
MM, 19, 504, 8
MM, 19, 504, 7
MM, 19, 505, 13
MM, 19, 505, 2
MM, 19, 506, 10
MM, 20, 507, 4
MM, 20, 507, 9
MM, 21, 509, 6
MM, 22, 511, 7
MM, 22, 514, 7
MM, 24, 518, 7
MM, 25, 521, 7
MM, 26, 524, 8
MM, 27, 526, 8
MM, 27, 528, 7
MM, 28, 530, 7
MM, 29, 531, 7
MM, 29, 532, 8
MM, 29, 533, 7
MM, 29, 534, 8
MM, 29, 536, 7
MM, 30, 539, 7
MM, 30, 544, 8
MM, 30, 551, 6
MM, 30, 559, 10
MM, 30, 568, 6
MM, 30, 575, 6
MM, 30, 581, 8
MM, 30, 585, 6
MM, 30, 588, 9
MM, 30, 591, 6
MM, 30, 592, 8
MM, 30, 594, 7
MM, 30, 594, 7
MM, 30, 595, 7
MM, 30, 592, 37
MM, 30, 580, 7
MM, 30, 559, 7
MM, 30, 542, 8
MM, 30, 530, 7
MM, 30, 514, 7
MM, 30, 493, 7
MM, 30, 474, 8
MM, 30, 458, 8
MM, 30, 443, 6
MM, 30, 424, 7
MM, 30, 409, 8
MM, 30, 398, 7
MM, 30, 391, 7
MM, 30, 387, 8
MM, 30, 385, 8
MM, 30, 383, 6
MM, 30, 383, 8
MM, 30, 382, 7
MM, 30, 381, 7
MM, 30, 381, 7
MM, 29, 381, 68
MM, 29, 381, 35
MP, 1, 428
MR, 1, 99
MC, 1, 0
MM, 34, 381, 48
MM, 46, 381, 8
MM, 70, 381, 8
MM, 100, 381, 7
MM, 129, 381, 6
MM, 170, 391, 9
MM, 211, 402, 6
MM, 255, 411, 8
MM, 305, 424, 7
MM, 347, 439, 7
MM, 399, 459, 7
MM, 441, 476, 8
MM, 489, 496, 7
MM, 528, 511, 7
MM, 570, 531, 7
MM, 611, 557, 8
MM, 651, 579, 7
MM, 688, 601, 7
MM, 721, 623, 8
MM, 747, 642, 7
MM, 775, 660, 7
MM, 799, 675, 7
MM, 817, 686, 9
MM, 831, 692, 6
MM, 836, 695, 8
MM, 835, 695, 174
MM, 832, 695, 7
MM, 825, 697, 8
MM, 817, 709, 7
MM, 808, 722, 7
MM, 797, 745, 7
MM, 790, 769, 8
MM, 785, 785, 9
MM, 781, 802, 10
MM, 780, 817, 4
MM, 780, 834, 6
MM, 780, 851, 12
MM, 780, 863, 6
MM, 780, 873, 5
MM, 780, 883, 8
MM, 780, 891, 6
MM, 780, 897, 8
MM, 780, 902, 7
MM, 780, 908, 6
MM, 780, 912, 7
MM, 780, 915, 9
MM, 780, 919, 6
MM, 780, 923, 8
MM, 780, 929, 6
MM, 785, 934, 8
MM, 791, 940, 7
MM, 800, 949, 8
MM, 807, 958, 7
MM, 817, 967, 7
MM, 824, 973, 7
MM, 832, 979, 8
MM, 839, 986, 7
MM, 846, 990, 7
MM, 853, 995, 8
MM, 860, 998, 7
MM, 868, 1003, 7
MM, 876, 1008, 8
MM, 883, 1012, 7
MM, 889, 1018, 11
MM, 895, 1021, 8
MM, 898, 1024, 6
MM, 901, 1026, 4
MM, 902, 1027, 9
MM, 904, 1028, 6
MM, 904, 1029, 7
MM, 905, 1029, 7
MM, 905, 1029, 8
MM, 907, 1029, 7
MM, 908, 1029, 7
MM, 909, 1029, 9
MM, 910, 1029, 5
MM, 911, 1029, 8
MM, 912, 1029, 8
MM, 912, 1029, 6
MM, 913, 1029, 8
MM, 914, 1029, 14
MP, 1, 421
MR, 1, 62
MC, 1, 0
MM, 913, 1029, 49
MM, 912, 1029, 9
MM, 912, 1029, 6
MM, 910, 1027, 7
MM, 910, 1011, 7
MM, 910, 976, 8
MM, 910, 913, 10
MM, 910, 862, 4
MM, 910, 801, 7
MM, 910, 762, 8
MM, 907, 709, 8
MM, 905, 677, 6
MM, 903, 650, 8
MM, 903, 624, 7
MM, 901, 602, 7
MM, 899, 585, 7
MM, 897, 576, 8
MM, 897, 571, 7
MM, 897, 569, 8
MM, 897, 567, 7
MM, 897, 566, 7
MM, 897, 565, 7
MM, 897, 564, 7
MM, 897, 564, 9
MM, 897, 562, 6
MM, 897, 561, 7
MM, 891, 561, 329
MM, 873, 561, 8
MM, 837, 561, 8
MM, 781, 561, 5
MM, 737, 561, 8
MM, 684, 565, 8
MM, 641, 569, 6
MM, 590, 576, 8
MM, 545, 583, 7
MM, 510, 589, 7
MM, 466, 598, 7
MM, 433, 604, 7
MM, 405, 613, 8
MM, 370, 622, 7
MM, 341, 633, 8
MM, 317, 642, 7
MM, 298, 652, 7
MM, 281, 659, 7
MM, 266, 664, 7
MM, 256, 669, 8
MM, 251, 672, 7
MM, 249, 673, 7
MM, 248, 673, 8
MM, 247, 674, 7
MM, 247, 675, 7
MM, 247, 675, 292
MM, 247, 676, 9
MM, 243, 676, 21
MM, 237, 676, 7
MM, 227, 676, 7
MM, 210, 676, 7
MM, 193, 667, 9
MM, 178, 660, 14
MM, 163, 649, 2
MM, 148, 640, 7
MM, 134, 630, 5
MM, 122, 616, 7
MM, 109, 601, 11
MM, 100, 586, 3
MM, 92, 570, 7
MM, 87, 551, 9
MM, 84, 531, 6
MM, 81, 512, 7
MM, 81, 495, 7
MM, 81, 479, 8
MM, 81, 462, 9
MM, 81, 451, 8
MM, 81, 443, 6
MM, 81, 438, 8
MM, 81, 435, 6
MM, 81, 434, 6
MM, 81, 433, 8
MM, 81, 432, 8
MM, 81, 426, 7
MM, 76, 420, 212
MM, 71, 410, 6
MM, 57, 384, 10
MM, 42, 344, 4
MM, 31, 307, 8
MM, 22, 275, 7
MM, 18, 242, 7
MM, 14, 209, 8
MM, 9, 183, 8
MM, 7, 161, 6
MM, 7, 145, 8
MM, 7, 129, 7
MM, 7, 115, 8
MM, 7, 103, 7
MM, 7, 91, 7
MM, 7, 82, 7
MM, 7, 77, 8
MM, 7, 74, 6
MM, 7, 70, 8
MM, 7, 68, 9
MM, 7, 67, 7
MM, 7, 66, 6
MM, 7, 66, 8
MP, 1, 566
MR, 1, 99
MC, 1, 0
MM, 10, 66, 588
MM, 15, 66, 7
MM, 26, 66, 9
MM, 39, 66, 5
MM, 52, 66, 8
MM, 63, 66, 7
MM, 74, 66, 7
MM, 82, 66, 8
MM, 91, 66, 7
MM, 99, 66, 7
MM, 107, 66, 7
MM, 118, 67, 9
MM, 127, 69, 6
MM, 135, 70, 7
MM, 144, 73, 8
MM, 154, 75, 7
MM, 164, 77, 8
MM, 173, 80, 6
MM, 179, 82, 8
MM, 185, 85, 7
MM, 189, 88, 8
MM, 193, 91, 7
MM, 196, 94, 14
MM, 199, 97, 2
MM, 201, 99, 7
MM, 204, 102, 6
MM, 205, 104, 8
MM, 207, 107, 11
MM, 209, 109, 5
MM, 211, 111, 5
MM, 211, 113, 8
MM, 212, 114, 7
MM, 213, 115, 9
MM, 215, 118, 5
MM, 216, 119, 7
MM, 216, 122, 8
MM, 217, 124, 7
MM, 218, 126, 7
MM, 218, 129, 8
MM, 219, 131, 7
MM, 220, 134, 7
MM, 220, 136, 7
MM, 220, 139, 7
MM, 220, 142, 8
MM, 220, 146, 7
MM, 220, 149, 7
MM, 220, 153, 8
MM, 220, 158, 7
MM, 220, 162, 7
MM, 220, 167, 8
MM, 220, 171, 7
MM, 220, 176, 7
MM, 220, 182, 7
MM, 220, 188, 8
MM, 220, 195, 7
MM, 220, 202, 7
MM, 219, 207, 7
MM, 218, 212, 8
MM, 218, 215, 7
MM, 217, 218, 7
MM, 216, 220, 8
MM, 215, 221, 7
MM, 215, 222, 7
MM, 214, 224, 8
MM, 214, 224, 11
MM, 213, 225, 4
MM, 212, 225, 7
MM, 212, 226, 7
MM, 212, 227, 12
MM, 212, 227, 3
MM, 212, 228, 10
MM, 212, 229, 4
MM, 212, 229, 7
MM, 212, 230, 8
MM, 212, 230, 58
MM, 212, 230, 116
MM, 212, 227, 89
MM, 212, 220, 6
MM, 212, 208, 8
MM, 212, 194, 7
MM, 212, 184, 7
MM, 212, 174, 7
MM, 212, 165, 8
MM, 212, 159, 9
MM, 212, 154, 5
MM, 212, 151, 8
MM, 212, 149, 7
MM, 212, 147, 7
MM, 212, 146, 7
MM, 212, 144, 8
MM, 212, 144, 7
MM, 212, 143, 8
MM, 212, 142, 6
MM, 212, 142, 8
MP, 1, 399
MR, 1, 100
MC, 1, 0
MM, 212, 141, 251
MM, 212, 141, 8
MM, 212, 139, 8
MM, 212, 138, 6
MM, 210, 137, 8
MM, 208, 136, 7
MM, 205, 134, 7
MM, 203, 133, 8
MM, 202, 132, 7
MM, 200, 131, 8
MM, 198, 130, 6
MM, 197, 129, 8
MM, 196, 128, 7
MM, 195, 127, 7
MM, 195, 127, 7
MM, 194, 126, 8
MM, 193, 125, 7
MM, 193, 125, 7
MM, 193, 125, 8
MM, 193, 124, 7
MM, 193, 124, 7
MM, 193, 122, 7
MM, 193, 121, 8
MM, 193, 118, 7
MM, 196, 116, 8
MM, 201, 113, 9
MM, 208, 111, 6
MM, 216, 109, 7
MM, 222, 109, 9
MM, 228, 109, 7
MM, 234, 109, 7
MM, 237, 109, 7
MM, 240, 109, 6
MM, 242, 109, 7
MM, 244, 109, 7
MM, 245, 109, 9
MM, 247, 109, 6
MM, 248, 109, 7
MM, 249, 109, 8
MM, 250, 109, 6
MM, 251, 109, 8
MM, 252, 109, 7
MM, 252, 109, 7
MM, 253, 109, 8
MM, 254, 109, 7
MM, 254, 109, 15
MM, 255, 109, 8
MM, 257, 109, 8
MM, 259, 109, 6
MM, 261, 109, 9
MM, 263, 109, 6
MM, 265, 109, 7
MM, 267, 109, 7
MM, 269, 109, 8
MM, 270, 109, 7
MM, 271, 109, 8
MM, 272, 109, 6
MM, 274, 109, 8
MM, 275, 109, 7
MM, 278, 109, 6
MM, 281, 109, 8
MM, 285, 109, 7
MM, 288, 109, 8
MM, 290, 109, 7
MM, 292, 108, 7
MM, 294, 107, 8
MM, 295, 107, 7
MM, 295, 106, 7
MM, 296, 106, 7
MM, 297, 106, 7
MM, 297, 106, 8
MM, 298, 106, 36
MM, 299, 106, 7
MM, 299, 106, 8
MP, 1, 277
MR, 1, 67
MC, 1, 0
MP, 1, 178
MR, 1, 102
MC, 1, 0
MM, 299, 107, 1060
MM, 299, 115, 7
MM, 299, 131, 7
MM, 299, 146, 7
MM, 299, 159, 8
MM, 302, 181, 7
MM, 308, 207, 10
MM, 315, 224, 4
MM, 323, 247, 9
MM, 336, 282, 6
MM, 343, 305, 9
MM, 352, 335, 5
MM, 362, 369, 8
MM, 367, 394, 8
MM, 375, 417, 7
MM, 383, 441, 7
MM, 390, 463, 7
MM, 396, 480, 8
MM, 400, 493, 6
MM, 403, 503, 8
MM, 406, 512, 7
MM, 409, 522, 8
MM, 410, 528, 7
MM, 412, 535, 7
MM, 413, 539, 8
MWM, 413, 539, 1, 3, 1, 452
MWM, 413, 539, 1, 3, 1, 583
MWM, 413, 539, 1, 3, 1, 23
MWM, 413, 539, 1, 3, 1, 21
MWM, 413, 539, 1, 3, 1, 29
MWM, 413, 539, 1, 3, 1, 87
MWM, 413, 539, 1, 3, 1, 338
MWM, 413, 539, 1, 3, 1, 6
MWM, 413, 539, 1, 3, 1, 16
MWM, 413, 539, 1, 3, 1, 5
MWM, 413, 539, 1, 3, 1, 9
MWM, 413, 539, 1, 3, 1, 6
MWM, 413, 539, 1, 3, 1, 14
MWM, 413, 539, 1, 3, 1, 15
MWM, 413, 539, 1, 3, 1, 43
MWM, 413, 539, 1, 3, 1, 322
MWM, 413, 539, 1, 3, 1, 8
MWM, 413, 539, 1, 3, 1, 6
MWM, 413, 539, 1, 3, 1, 11
MWM, 413, 539, 1, 3, 1, 4
MWM, 413, 539, 1, 3, 1, 8
MP, 0, 6
MR, 0, 3
MC, 1, 0
MWM, 413, 539, 1, 3, 1, 3
MWM, 413, 539, 1, 3, 1, 3
MWM, 413, 539, 1, 3, 1, 4
MWM, 413, 539, 1, 3, 1, 2
MP, 0, 8
MR, 0, 2
MC, 2, 0
MWM, 413, 539, 1, 3, 1, 3
MWM, 413, 539, 1, 3, 1, 2
MWM, 413, 539, 1, 3, 1, 6
MWM, 413, 539, 1, 3, 1, 14
MP, 0, 8
MR, 0, 1
MC, 2, 0
MWM, 413, 539, 1, 3, 1, 4
MWM, 413, 539, 1, 3, 1, 2
MWM, 413, 539, 1, 3, 1, 22
MWM, 413, 539, 1, 3, 1, 14
MP, 0, 22
MR, 0, 1
MC, 2, 0
MWM, 413, 539, 1, 3, 1, 8
MWM, 413, 539, 1, 3, 1, 305
MWM, 413, 539, 1, 3, 1, 14
MWM, 413, 539, 1, 3, 1, 8
MWM, 413, 539, 1, 3, 1, 7
MWM, 413, 539, 1, 3, 1, 2
MWM, 413, 539, 1, 3, 1, 6
MWM, 413, 539, 1, 3, 1, 7
MWM, 413, 539, 1, 3, 1, 8
MWM, 413, 539, 1, 3, 1, 1
MWM, 413, 539, 1, 3, 1, 6
MP, 0, 6
MR, 0, 4
MC, 1, 0
MWM, 413, 539, 1, 3, 1, 2
MWM, 413, 539, 1, 3, 1, 2
MWM, 413, 539, 1, 3, 1, 2
MWM, 413, 539, 1, 3, 1, 7
MWM, 413, 539, 1, 3, 1, 8
MWM, 413, 539, 1, 3, 1, 5
MWM, 413, 539, 1, 3, 1, 7
MWM, 413, 539, 1, 3, 1, 14
MWM, 413, 539, 1, 3, 1, 10
MWM, 413, 539, 1, 3, 1, 5
MP, 0, 15
MR, 0, 0
MC, 2, 0
MWM, 413, 539, 1, 3, 1, 1
MWM, 413, 539, 1, 3, 1, 6
MWM, 413, 539, 1, 3, 1, 14
MWM, 413, 539, 1, 3, 1, 323
MWM, 413, 539, 1, 3, 1, 16
MWM, 413, 539, 1, 3, 1, 4
MWM, 413, 539, 1, 3, 1, 9
MWM, 413, 539, 1, 3, 1, 0
MWM, 413, 539, 1, 3, 1, 5
MWM, 413, 539, 1, 3, 1, 8
MWM, 413, 539, 1, 3, 1, 7
MWM, 413, 539, 1, 3, 1, 7
MWM, 413, 539, 1, 3, 1, 1
MWM, 413, 539, 1, 3, 1, 6
MWM, 413, 539, 1, 3, 1, 8
MWM, 413, 539, 1, 3, 1, 8
MWM, 413, 539, 1, 3, 1, 8
MWM, 413, 539, 1, 3, 1, 6
MWM, 413, 539, 1, 3, 1, 9
MWM, 413, 539, 1, 3, 1, 5
MWM, 413, 539, 1, 3, 1, 8
MWM, 413, 539, 1, 3, 1, 7
MWM, 413, 539, 1, 3, 1, 7
MWM, 413, 539, 1, 3, 1, 15
MWM, 413, 539, 1, 3, 1, 14
MWM, 413, 539, 1, 3, 1, 37
MWM, 413, 539, 1, 3, 1, 307
MWM, 413, 539, 1, 3, 1, 7
MWM, 413, 539, 1, 3, 1, 7
MWM, 413, 539, 1, 3, 1, 15
MWM, 413, 539, 1, 3, 1, 7
MWM, 413, 539, 1, 3, 1, 9
MWM, 413, 539, 1, 3, 1, 5
MWM, 413, 539, 1, 3, 1, 1
MWM, 413, 539, 1, 3, 1, 7
MWM, 413, 539, 1, 3, 1, 8
MP, 0, 5
MR, 0, 1
MC, 1, 0
MWM, 413, 539, 1, 3, 1, 1
MWM, 413, 539, 1, 3, 1, 6
MWM, 413, 539, 1, 3, 1, 8
MWM, 413, 539, 1, 3, 1, 7
MWM, 413, 539, 1, 3, 1, 8
MWM, 413, 539, 1, 3, 1, 6
MP, 0, 10
MR, 0, 2
MC, 2, 0
MWM, 413, 539, 1, 3, 1, 3
MWM, 413, 539, 1, 3, 1, 0
MWM, 413, 539, 1, 3, 1, 7
MWM, 413, 539, 1, 3, 1, 8
MWM, 413, 539, 1, 3, 1, 6
MWM, 413, 539, 1, 3, 1, 16
MWM, 413, 539, 1, 3, 1, 26
MWM, 413, 539, 1, 3, 1, 44
MWM, 413, 539, 1, 3, 1, 40
MWM, 413, 539, 1, 3, 1, 43
MWM, 413, 539, 1, 3, 1, 58
MWM, 413, 539, 1, 3, 1, 87
MWM, 413, 539, 1, 3, 1, 14
MWM, 413, 539, 1, 3, 1, 10
MWM, 413, 539, 1, 3, 1, 1
MP, 0, 4
MR, 0, 1
MC, 1, 0
MWM, 413, 539, 1, 3, 1, 3
MWM, 413, 539, 1, 3, 1, 6
MWM, 413, 539, 1, 3, 1, 0
MWM, 413, 539, 1, 3, 1, 4
MP, 0, 8
MR, 0, 1
MC, 2, 0
MWM, 413, 539, 1, 3, 1, 2
MWM, 413, 539, 1, 3, 1, 1
MWM, 413, 539, 1, 3, 1, 4
MWM, 413, 539, 1, 3, 1, 5
MP, 0, 2
MR, 0, 2
MC, 2, 0
MWM, 413, 539, 1, 3, 1, 1
MWM, 413, 539, 1, 3, 1, 0
MWM, 413, 539, 1, 3, 1, 5
MP, 0, 7
MR, 0, 1
MC, 2, 0
MWM, 413, 539, 1, 3, 1, 1
MWM, 413, 539, 1, 3, 1, 0
MP, 0, 4
MR, 0, 1
MC, 2, 0
MWM, 413, 539, 1, 3, 1, 1
MWM, 413, 539, 1, 3, 1, 0
MWM, 413, 539, 1, 3, 1, 6
MWM, 413, 539, 1, 3, 1, 0
MP, 0, 8
MR, 0, 4
MC, 2, 0
MWM, 413, 539, 1, 3, 1, 1
MWM, 413, 539, 1, 3, 1, 0
MP, 0, 1
MR, 0, 0
MC, 2, 0
MWM, 413, 539, 1, 3, 1, 1
MWM, 413, 539, 1, 3, 1, 6
MP, 0, 8
MR, 0, 0
MC, 2, 0
MWM, 413, 539, 1, 3, 1, 3
MWM, 413, 539, 1, 3, 1, 8
MP, 0, 3
MR, 0, 0
MC, 2, 0
MWM, 413, 539, 1, 3, 1, 11
MWM, 413, 539, 1, 3, 1, 21
MWM, 413, 539, 1, 3, 1, 327
MWM, 413, 539, 1, 3, 1, 1
MP, 0, 8
MR, 0, 1
MC, 1, 0
MWM, 413, 539, 1, 3, 1, 2
MWM, 413, 539, 1, 3, 1, 2
MWM, 413, 539, 1, 3, 1, 1
MWM, 413, 539, 1, 3, 1, 5
MP, 0, 13
MR, 0, 2
MC, 2, 0
MWM, 413, 539, 1, 3, 1, 1
MWM, 413, 539, 1, 3, 1, 0
MWM, 413, 539, 1, 3, 1, 1
MP, 0, 5
MR, 0, 1
MC, 2, 0
MWM, 413, 539, 1, 3, 1, 2
MWM, 413, 539, 1, 3, 1, 4
MWM, 413, 539, 1, 3, 1, 0
MP, 0, 11
MR, 0, 1
MC, 2, 0
MWM, 413, 539, 1, 3, 1, 12
MWM, 413, 539, 1, 3, 1, 4
MP, 0, 0
MR, 0, 0
MC, 2, 0
MWM, 413, 539, 1, 3, 1, 1
MP, 0, 1
MR, 0, 2
MC, 2, 0
MWM, 413, 539, 1, 3, 1, 2
MWM, 413, 539, 1, 3, 1, 3
MWM, 413, 539, 1, 3, 1, 4
MP, 0, 5
MR, 0, 0
MC, 2, 0
MWM, 413, 539, 1, 3, 1, 1
MP, 0, 4
MR, 0, 0
MC, 2, 0
MWM, 413, 539, 1, 3, 1, 1
MP, 0, 7
MR, 0, 0
MC, 2, 0
MWM, 413, 539, 1, 3, 1, 2
MWM, 413, 539, 1, 3, 1, 0
MM, 413, 538, 19
MP, 0, 3
MR, 0, 2
MC, 2, 0
MWM, 413, 538, 1, 3, 1, 2
MM, 414, 534, 0
MWM, 414, 534, 1, 3, 1, 7
MP, 0, 13
MR, 0, 1
MC, 2, 0
MWM, 414, 534, 1, 3, 1, 0
MWM, 414, 534, 1, 3, 1, 28
MP, 0, 15
MR, 0, 0
MC, 2, 0
MWM, 414, 534, 1, 3, 1, 1
MWM, 414, 534, 1, 3, 1, 15
MP, 0, 12
MR, 0, 2
MC, 2, 0
MWM, 414, 534, 1, 3, 1, 1
MP, 0, 26
MR, 0, 0
MC, 2, 0
MWM, 414, 534, 1, 3, 1, 1
MWM, 414, 534, 1, 3, 1, 16
MP, 0, 18
MR, 0, 4
MC, 2, 0
MWM, 414, 534, 1, 3, 1, 2
MWM, 414, 534, 1, 3, 1, 19
MP, 0, 14
MR, 0, 2
MC, 2, 0
MWM, 414, 534, 1, 3, 1, 0
MWM, 414, 534, 1, 3, 1, 12
MP, 0, 14
MR, 0, 1
MC, 2, 0
MWM, 414, 534, 1, 3, 1, 0
MWM, 414, 534, 1, 3, 1, 28
MP, 0, 14
MR, 0, 1
MC, 2, 0
MWM, 414, 534, 1, 3, 1, 0
MWM, 414, 534, 1, 3, 1, 27
MP, 0, 13
MR, 0, 0
MC, 2, 0
MWM, 414, 534, 1, 3, 1, 15
MWM, 414, 534, 1, 3, 1, 15
MP, 0, 29
MR, 0, 2
MC, 2, 0
MWM, 414, 534, 1, 3, 1, 8
MWM, 414, 534, 1, 3, 1, 16
MP, 0, 0
MR, 0, 4
MC, 2, 0
MWM, 414, 534, 1, 3, 1, 7
MP, 0, 1
MR, 0, 2
MC, 2, 0
MWM, 414, 534, 1, 3, 1, 0
MWM, 414, 534, 1, 3, 1, 0
MWM, 414, 534, 1, 3, 1, 0
MP, 0, 0
MR, 0, 1
MC, 2, 0
MWM, 414, 534, 1, 3, 1, 0
MWM, 414, 534, 1, 3, 1, 0
MP, 0, 3
MR, 0, 1
MC, 2, 0
MWM, 414, 534, 1, 3, 1, 1
MP, 0, 10
MR, 0, 1
MC, 2, 0
MWM, 414, 534, 1, 3, 1, 2
MWM, 414, 534, 1, 3, 1, 0
MP, 0, 0
MR, 0, 0
MC, 2, 0
MP, 0, 3
MR, 0, 0
MC, 3, 0
MWM, 414, 534, 1, 3, 1, 1
MWM, 414, 534, 1, 3, 1, 0
MP, 0, 2
MR, 0, 0
MC, 2, 0
MWM, 414, 534, 1, 3, 1, 0
MWM, 414, 534, 1, 3, 1, 0
MP, 0, 7
MR, 0, 0
MC, 2, 0
MWM, 414, 534, 1, 3, 1, 1
MWM, 414, 534, 1, 3, 1, 0
MP, 0, 8
MR, 0, 6
MC, 2, 0
MWM, 414, 534, 1, 3, 1, 5
MWM, 414, 534, 1, 3, 1, 1
MP, 0, 0
MR, 0, 0
MC, 2, 0
MWM, 414, 534, 1, 3, 1, 2
MWM, 414, 534, 1, 3, 1, 1
MWM, 414, 534, 1, 3, 1, 1
MP, 0, 5
MR, 0, 3
MC, 2, 0
MWM, 414, 534, 1, 3, 1, 3
MP, 0, 11
MR, 0, 1
MC, 2, 0
MWM, 414, 534, 1, 3, 1, 2
MP, 0, 9
MR, 0, 0
MC, 2, 0
MWM, 414, 534, 1, 3, 1, 1
MWM, 414, 534, 1, 3, 1, 15
MWM, 414, 534, 1, 3, 1, 26
MWM, 414, 534, 1, 3, 1, 63
MWM, 414, 534, 1, 3, 1, 48
MWM, 414, 534, 1, 3, 1, 56
MWM, 414, 534, 1, 3, 1, 94
MWM, 414, 534, 1, 3, 1, 53
MP, 0, 8
MR, 0, 3
MC, 1, 0
MWM, 414, 534, 1, 3, 1, 2
MWM, 414, 534, 1, 3, 1, 0
MP, 0, 2
MR, 0, 0
MC, 2, 0
MWM, 414, 534, 1, 3, 1, 1
MWM, 414, 534, 1, 3, 1, 0
MWM, 414, 534, 1, 3, 1, 6
MWM, 414, 534, 1, 3, 1, 2
MP, 0, 5
MR, 0, 2
MC, 2, 0
MWM, 414, 534, 1, 3, 1, 2
MWM, 414, 534, 1, 3, 1, 1
MP, 0, 4
MR, 0, 1
MC, 2, 0
MWM, 414, 534, 1, 3, 1, 4
MWM, 414, 534, 1, 3, 1, 2
MP, 0, 0
MR, 0, 0
MC, 2, 0
MWM, 414, 534, 1, 3, 1, 5
MWM, 414, 534, 1, 3, 1, 3
MWM, 414, 534, 1, 3, 1, 1
MWM, 414, 534, 1, 3, 1, 0
MP, 0, 8
MR, 0, 1
MC, 2, 0
MWM, 414, 534, 1, 3, 1, 0
MWM, 414, 534, 1, 3, 1, 1
MP, 0, 3
MR, 0, 0
MC, 2, 0
MP, 0, 3
MR, 0, 0
MC, 3, 0
MWM, 414, 534, 1, 3, 1, 0
MWM, 414, 534, 1, 3, 1, 1
MP, 0, 2
MR, 0, 1
MC, 2, 0
MWM, 414, 534, 1, 3, 1, 0
MWM, 414, 534, 1, 3, 1, 1
MP, 0, 6
MR, 0, 2
MC, 2, 0
MWM, 414, 534, 1, 3, 1, 1
MWM, 414, 534, 1, 3, 1, 0
MP, 0, 4
MR, 0, 2
MC, 2, 0
MWM, 414, 534, 1, 3, 1, 2
MWM, 414, 534, 1, 3, 1, 0
MP, 0, 3
MR, 0, 1
MC, 2, 0
MWM, 414, 534, 1, 3, 1, 2
MP, 0, 11
MR, 0, 0
MC, 2, 0
MWM, 414, 534, 1, 3, 1, 0
MWM, 414, 534, 1, 3, 1, 21
MP, 0, 14
MR, 0, 0
MC, 2, 0
MWM, 414, 534, 1, 3, 1, 14
MP, 0, 15
MR, 0, 2
MC, 2, 0
MWM, 414, 534, 1, 3, 1, 8
MP, 0, 23
MR, 0, 3
MC, 2, 0
MWM, 414, 534, 1, 3, 1, 5
MWM, 414, 534, 1, 3, 1, 6
MP, 0, 15
MR, 0, 1
MC, 2, 0
MWM, 414, 534, 1, 3, 1, 2
MP, 0, 25
MR, 0, 2
MC, 2, 0
MWM, 414, 534, 1, 3, 1, 7
MP, 0, 20
MR, 0, 0
MC, 2, 0
MWM, 414, 534, 1, 3, 1, 1
MWM, 414, 534, 1, 3, 1, 12
MM, 414, 532, 37
MM, 414, 522, 8
MM, 430, 472, 7
MM, 463, 429, 7
MM, 509, 365, 7
MM, 553, 313, 7
MM, 610, 250, 8
MM, 679, 184, 7
MM, 752, 125, 7
MM, 841, 62, 8
MM, 929, 7, 7
MM, 1020, 0, 7
MM, 1110, 0, 7
MM, 1206, 0, 8
MM, 1283, 0, 7
MM, 1363, 0, 7
MM, 1444, 0, 8
MM, 1523, 0, 8
MM, 1586, 0, 6
MM, 1641, 0, 8
MM, 1693, 0, 9
MM, 1733, 0, 6
MM, 1770, 0, 7
MM, 1807, 0, 7
MM, 1840, 0, 10
MM, 1868, 0, 10
MM, 1897, 0, 2
MM, 1919, 0, 9
MM, 1919, 0, 6
MM, 1919, 0, 6
MM, 1919, 0, 8
MM, 1919, 0, 7
MM, 1919, 0, 7
MM, 1919, 0, 8
MM, 1919, 0, 7
MM, 1919, 0, 21
MM, 1919, 1, 8
MM, 1919, 1, 7
MM, 1919, 2, 7
MM, 1919, 3, 8
MM, 1919, 3, 7
MM, 1919, 4, 8
MM, 1919, 4, 6
MM, 1919, 5, 8
MM, 1917, 6, 7
MM, 1916, 6, 8
MM, 1915, 6, 7
MM, 1914, 6, 8
MM, 1914, 6, 7
MM, 1913, 6, 9
MM, 1912, 6, 6
MM, 1912, 6, 6
MM, 1911, 6, 9
MM, 1910, 6, 18
MM, 1910, 6, 8
MM, 1909, 7, 2
MM, 1909, 8, 29
MM, 1909, 8, 14
MM, 1909, 9, 9
MM, 1909, 9, 14
MM, 1909, 10, 7
MM, 1909, 11, 7
MM, 1908, 11, 7
MM, 1907, 12, 7
MM, 1907, 13, 8
MM, 1906, 14, 7
MM, 1905, 15, 7
MM, 1904, 17, 9
MM, 1903, 19, 6
MM, 1902, 20, 8
MM, 1902, 22, 7
MM, 1901, 23, 7
MM, 1900, 24, 7
MM, 1900, 26, 8
MM, 1900, 27, 8
MM, 1900, 28, 6
MM, 1900, 28, 7
MM, 1900, 29, 8
MM, 1900, 29, 7
MM, 1900, 30, 7
MM, 1900, 31, 9
MM, 1900, 31, 6
MM, 1900, 32, 7
MM, 1900, 33, 10
MM, 1900, 33, 5
MM, 1900, 34, 8
MM, 1900, 34, 6
MM, 1900, 35, 9
MM, 1900, 36, 10
MM, 1900, 36, 4
MM, 1900, 37, 7
MM, 1900, 38, 6
MM, 1900, 38, 8
MM, 1900, 39, 9
MM, 1900, 39, 22
MM, 1900, 40, 13
MM, 1900, 41, 22
MM, 1900, 41, 7
MM, 1900, 42, 9
MM, 1900, 43, 13
MM, 1900, 43, 8
MM, 1900, 44, 14
MM, 1900, 44, 7
MP, 1, 465
MR, 1, 98
MC, 1, 0
MM, 1899, 44, 632
MM, 1892, 44, 7
MM, 1877, 44, 8
MM, 1857, 44, 8
MM, 1830, 44, 6
MM, 1801, 48, 8
MM, 1760, 56, 7
MM, 1716, 66, 16
MM, 1664, 81, 4
MM, 1616, 101, 4
MM, 1563, 125, 5
MM, 1515, 143, 9
MM, 1467, 160, 6
MM, 1421, 175, 7
MM, 1382, 195, 7
MM, 1338, 217, 8
MM, 1306, 232, 7
MM, 1271, 248, 7
MM, 1231, 261, 8
MM, 1198, 276, 6
MM, 1161, 293, 8
MM, 1124, 318, 7
MM, 1094, 337, 8
MM, 1063, 355, 7
MM, 1032, 370, 7
MM, 1008, 383, 7
MM, 989, 394, 7
MM, 974, 404, 8
MM, 964, 411, 7
MM, 959, 414, 8
MM, 956, 416, 6
MM, 954, 417, 8
MM, 954, 417, 7
MM, 953, 418, 7
MM, 952, 418, 8
MM, 952, 418, 7
MM, 951, 418, 7
MM, 950, 418, 7
MM, 955, 418, 37
MM, 968, 414, 7
MM, 1002, 396, 8
MM, 1046, 372, 7
MM, 1087, 350, 7
MM, 1133, 326, 7
MM, 1170, 309, 8
MM, 1207, 291, 7
MM, 1242, 274, 8
MM, 1275, 256, 6
MM, 1312, 234, 10
MM, 1354, 208, 5
MM, 1398, 178, 8
MM, 1457, 136, 7
MM, 1511, 105, 7
MM, 1579, 62, 7
MM, 1642, 22, 8
MM, 1695, 0, 7
MM, 1749, 0, 7
MM, 1789, 0, 8
MM, 1826, 0, 7
MM, 1859, 0, 7
MM, 1885, 0, 8
MM, 1904, 0, 7
MM, 1919, 0, 7
MM, 1919, 0, 7
MM, 1919, 0, 7
MM, 1919, 0, 8
MM, 1919, 0, 7
MM, 1919, 0, 8
MM, 1919, 0, 7
MM, 1919, 0, 7
MM, 1919, 0, 7
MM, 1915, 1, 95
MM, 1910, 4, 7
MM, 1903, 8, 7
MM, 1898, 13, 8
MM, 1894, 16, 7
MM, 1891, 20, 8
MM, 1889, 24, 7
MM, 1886, 27, 8
MM, 1884, 30, 6
MM, 1882, 33, 7
MM, 1881, 34, 8
MM, 1880, 35, 8
MM, 1879, 37, 6
MM, 1879, 37, 8
MM, 1878, 38, 9
MM, 1878, 38, 5
MM, 1877, 39, 9
MM, 1876, 40, 6
MM, 1876, 40, 7
MM, 1876, 41, 10
MM, 1876, 42, 5
MM, 1876, 42, 7
MM, 1876, 43, 8
MM, 1876, 43, 14
MM, 1876, 44, 14
MM, 1876, 45, 15
MM, 1877, 45, 291
MM, 1878, 45, 15
MM, 1878, 45, 7
MM, 1879, 45, 8
MM, 1879, 45, 8
MM, 1880, 45, 7
MM, 1881, 45, 9
MM, 1881, 45, 5
MM, 1882, 45, 35
MM, 1883, 45, 16
MM, 1883, 45, 25
MM, 1883, 45, 114
MM, 1881, 45, 8
MM, 1879, 45, 10
MM, 1877, 45, 12
MM, 1876, 45, 3
MM, 1874, 45, 10
MM, 1874, 45, 1
MM, 1873, 45, 6
MM, 1873, 45, 8
MM, 1872, 45, 7
MM, 1871, 45, 7
MM, 1871, 45, 7
MM, 1870, 45, 8
MM, 1871, 45, 138
MM, 1873, 45, 8
MM, 1874, 45, 7
MM, 1876, 45, 7
MM, 1878, 45, 7
MM, 1880, 45, 8
MM, 1881, 45, 7
MM, 1883, 45, 9
MM, 1883, 45, 5
MM, 1884, 45, 8
MM, 1884, 45, 7
MM, 1885, 45, 7
MM, 1886, 45, 8
MM, 1886, 45, 14
MM, 1887, 45, 7
MM, 1888, 45, 17
MM, 1888, 45, 10
MM, 1889, 45, 3
MM, 1889, 45, 12
MM, 1890, 45, 5
MM, 1891, 45, 27
MM, 1891, 45, 57
MM, 1892, 45, 52
MM, 1893, 45, 22
MM, 1893, 46, 14
MM, 1894, 47, 37
MM, 1894, 47, 29
MM, 1894, 48, 52
MM, 1894, 48, 13
MP, 1, 515
MR, 1, 100
MC, 1, 0
MM, 1886, 48, 508
MM, 1862, 51, 7
MM, 1814, 62, 7
MM, 1764, 75, 7
MM, 1707, 90, 8
MM, 1650, 106, 7
MM, 1598, 125, 9
MM, 1536, 141, 7
MM, 1484, 154, 6
MM, 1416, 173, 8
MM, 1366, 195, 7
MM, 1309, 224, 7
MM, 1268, 246, 7
MM, 1215, 267, 7
MM, 1178, 283, 7
MM, 1130, 309, 10
MM, 1095, 331, 5
MM, 1064, 350, 8
MM, 1025, 370, 7
MM, 992, 385, 7
MM, 968, 403, 8
MM, 942, 420, 6
MM, 918, 438, 8
MM, 898, 453, 11
MM, 883, 462, 4
MM, 875, 469, 7
MM, 870, 472, 7
MM, 867, 474, 7
MM, 865, 476, 8
MM, 863, 477, 7
MM, 862, 478, 8
MM, 861, 479, 6
MM, 860, 481, 8
MM, 858, 482, 7
MM, 858, 483, 7
MM, 857, 485, 8
MM, 857, 486, 9
MM, 856, 487, 5
MM, 855, 488, 8
MM, 855, 488, 8
MM, 855, 489, 6
MM, 855, 489, 461
MM, 860, 489, 6
MM, 869, 489, 7
MM, 881, 489, 7
MM, 896, 489, 7
MM, 914, 489, 8
MM, 930, 489, 7
MM, 944, 489, 8
MM, 959, 489, 6
MM, 975, 489, 8
MM, 989, 489, 7
MM, 1000, 489, 8
MM, 1012, 489, 7
MM, 1021, 489, 7
MM, 1032, 489, 7
MM, 1042, 489, 7
MM, 1053, 489, 8
MM, 1062, 489, 7
MM, 1070, 489, 7
MM, 1077, 489, 7
MM, 1084, 489, 8
MM, 1091, 489, 7
MM, 1097, 489, 8
MM, 1102, 489, 7
MM, 1106, 489, 7
MM, 1110, 489, 7
MM, 1113, 489, 7
MM, 1114, 489, 8
MM, 1109, 489, 328
MM, 1101, 495, 7
MM, 1088, 504, 11
MM, 1074, 513, 4
MM, 1061, 522, 7
MM, 1046, 533, 7
MM, 1028, 545, 7
MM, 1012, 555, 8
MM, 999, 566, 7
MM, 990, 576, 7
MM, 979, 588, 8
MM, 970, 597, 7
MM, 962, 609, 7
MM, 957, 618, 8
MM, 953, 623, 7
MM, 949, 627, 7
MM, 947, 630, 7
MM, 946, 633, 8
MM, 945, 633, 7
MM, 944, 634, 7
MM, 944, 635, 7
MM, 943, 635, 8
MM, 943, 636, 7
MM, 943, 636, 7
MM, 943, 637, 8
MM, 943, 638, 7
MM, 943, 640, 7
MM, 943, 641, 10
MM, 943, 643, 5
MM, 943, 645, 7
MM, 944, 646, 8
MM, 949, 649, 7
MM, 952, 650, 7
MM, 953, 650, 7246
MM, 956, 650, 7
MM, 959, 650, 7
MM, 963, 650, 7
MM, 965, 650, 7
MM, 968, 650, 8
MM, 971, 649, 8
MM, 972, 649, 6
MM, 974, 648, 7
MM, 976, 647, 8
MM, 977, 647, 7
MM, 978, 647, 7
MM, 979, 647, 7
MM, 980, 647, 7
MM, 982, 646, 8
MM, 982, 646, 8
MM, 983, 646, 7
MM, 984, 646, 7
MM, 984, 646, 7
MM, 985, 646, 23
MM, 985, 646, 6
MM, 986, 646, 29
MM, 987, 646, 4709
MM, 989, 646, 9
MM, 991, 646, 7
MM, 993, 646, 7
MM, 995, 646, 7
MM, 996, 646, 7
MM, 997, 646, 7
MM, 999, 646, 9
MM, 1000, 646, 5
MM, 1001, 646, 7
MM, 1002, 645, 8
MM, 1004, 645, 7
MM, 1005, 644, 7
MM, 1006, 644, 8
MM, 1008, 643, 7
MM, 1010, 642, 7
MM, 1011, 642, 8
MM, 1012, 642, 7
MM, 1014, 642, 7
MM, 1015, 641, 8
MM, 1016, 641, 7
MM, 1017, 641, 7
MM, 1018, 641, 7
MM, 1019, 640, 7
MM, 1020, 640, 8
MM, 1021, 640, 7
MM, 1022, 640, 7
MM, 1023, 640, 8
MM, 1024, 640, 8
MM, 1024, 640, 7
MM, 1025, 640, 7
MM, 1025, 640, 7
MM, 1026, 640, 7
MM, 1026, 639, 1079
MM, 1025, 639, 14
MM, 1023, 638, 7
MM, 1020, 637, 8
MM, 1017, 637, 7
MM, 1013, 637, 7
MM, 1010, 637, 8
MM, 1007, 636, 7
MM, 1004, 636, 7
MM, 1001, 636, 10
MM, 998, 636, 5
MM, 994, 635, 7
MM, 991, 635, 7
MM, 988, 635, 8
MM, 985, 635, 7
MM, 982, 635, 7
MM, 980, 635, 8
MM, 979, 635, 7
MM, 978, 635, 7
MM, 977, 635, 7
MM, 976, 635, 8
MM, 975, 635, 9
MM, 975, 635, 5
MM, 973, 635, 8
MM, 972, 635, 7
MM, 972, 635, 7
MM, 970, 635, 7
MM, 969, 635, 11
MM, 968, 635, 4
MM, 967, 635, 7
MM, 965, 635, 8
MM, 964, 635, 7
MM, 963, 635, 9
MM, 962, 635, 13
MM, 960, 635, 1
MM, 959, 635, 7
MM, 958, 635, 9
MM, 958, 635, 5
MM, 957, 635, 10
MM, 956, 635, 5
MM, 955, 635, 7
MM, 955, 635, 7
MM, 954, 635, 7
MM, 953, 635, 8
MM, 952, 635, 7
MM, 952, 635, 7
MM, 951, 635, 7
MM, 950, 635, 7
MM, 950, 635, 8
MM, 949, 635, 7
MM, 948, 635, 8
MM, 948, 636, 7
MM, 947, 637, 7
MM, 947, 637, 7
MM, 946, 638, 7
MM, 945, 638, 8
MM, 945, 639, 7
MM, 944, 640, 7
MM, 943, 640, 8
MM, 943, 641, 7
MM, 942, 642, 7
MM, 941, 643, 8
MM, 940, 645, 7
MM, 938, 646, 7
MM, 937, 647, 7
MM, 936, 648, 7
MM, 935, 650, 8
MM, 933, 651, 7
MM, 931, 653, 8
MM, 929, 655, 7
MM, 927, 657, 7
MM, 926, 658, 7
MM, 925, 660, 7
MM, 923, 662, 8
MM, 922, 663, 7
MM, 921, 665, 8
MM, 920, 667, 7
MM, 918, 668, 7
MM, 916, 670, 7
MM, 912, 674, 8
MM, 910, 676, 7
MM, 910, 677, 4424
MM, 910, 681, 7
MM, 910, 686, 8
MM, 910, 689, 7
MM, 910, 693, 8
MM, 910, 696, 7
MM, 909, 698, 11
MM, 908, 699, 4
MM, 908, 701, 7
MM, 907, 702, 8
MM, 907, 703, 7
MM, 906, 704, 6
MM, 906, 706, 8
MM, 906, 707, 7
MM, 905, 708, 7
MM, 905, 709, 8
MM, 905, 710, 7
MM, 905, 711, 9
MM, 905, 711, 5
MM, 905, 712, 7
MM, 905, 713, 8
MM, 905, 713, 8
MM, 905, 714, 6
MM, 905, 714, 8
MM, 905, 715, 7
MM, 905, 716, 14
MM, 905, 716, 15
MM, 905, 717, 7
MM, 905, 718, 7
MM, 905, 718, 8
MM, 905, 719, 7
MM, 905, 719, 8
MM, 905, 720, 7
MM, 905, 721, 7
MM, 905, 721, 8
MM, 905, 723, 6
MM, 905, 724, 8
MM, 905, 726, 7
MM, 905, 728, 8
MM, 905, 729, 7
MM, 905, 732, 7
MM, 905, 734, 8
MM, 905, 736, 6
MM, 905, 739, 10
MM, 905, 741, 5
MM, 905, 743, 10
MM, 905, 746, 5
MM, 905, 748, 7
MM, 905, 751, 8
MM, 906, 753, 7
MM, 906, 756, 9
MM, 907, 758, 7
MM, 908, 759, 6
MM, 908, 761, 9
MM, 908, 763, 8
MM, 909, 764, 5
MM, 910, 766, 11
MM, 910, 768, 3
MM, 910, 769, 8
MM, 910, 771, 7
MM, 910, 772, 7
MM, 910, 773, 7
MM, 910, 774, 7
MM, 910, 776, 8
MM, 910, 777, 7
MM, 910, 778, 7
MM, 910, 779, 8
MM, 910, 781, 7
MM, 910, 784, 11
MM, 910, 786, 8
MM, 910, 788, 7
MM, 910, 789, 4
MM, 910, 791, 6
MM, 910, 793, 8
MM, 910, 794, 7
MM, 910, 796, 10
MM, 910, 797, 4
MM, 910, 799, 8
MM, 910, 801, 7
MM, 910, 803, 7
MM, 910, 806, 7
MM, 910, 808, 8
MM, 910, 810, 7
MM, 910, 812, 7
MM, 910, 814, 8
MM, 910, 817, 10
MM, 910, 821, 5
MM, 910, 823, 8
MM, 910, 827, 7
MM, 910, 831, 6
MM, 910, 836, 8
MM, 910, 843, 8
MM, 910, 850, 7
MM, 910, 857, 6
MM, 910, 863, 8
MM, 910, 868, 7
MM, 910, 873, 8
MM, 910, 878, 6
MM, 910, 881, 8
MM, 910, 885, 7
MM, 910, 888, 7
MM, 910, 893, 8
MM, 910, 898, 7
MM, 910, 903, 7
MM, 910, 910, 7
MM, 910, 915, 8
MM, 910, 920, 7
MM, 910, 925, 8
MM, 910, 931, 7
MM, 910, 935, 8
MM, 910, 939, 7
MM, 910, 941, 6
MM, 910, 943, 8
MM, 910, 944, 7
MM, 910, 945, 7
MM, 910, 946, 7
MM, 910, 947, 8
MM, 910, 947, 7
MM, 910, 948, 7
MM, 910, 948, 8
MM, 910, 949, 7
MM, 910, 950, 7
MM, 910, 950, 7
MM, 910, 951, 8
MM, 910, 952, 15
MM, 910, 952, 50
MM, 910, 953, 22
MM, 910, 953, 8
MM, 910, 955, 7
MM, 910, 956, 7
MM, 910, 958, 8
MM, 910, 960, 7
MM, 910, 962, 7
MM, 910, 963, 7
MM, 910, 965, 8
MM, 910, 966, 7
MM, 910, 967, 7
MM, 910, 968, 7
MM, 910, 968, 8
MM, 910, 969, 8
MM, 910, 970, 8
MM, 910, 970, 7
MM, 910, 971, 6
MM, 910, 972, 8
MM, 910, 972, 7
MM, 910, 973, 8
MM, 910, 973, 152
MM, 910, 974, 22
MM, 910, 975, 7
MM, 910, 978, 7
MM, 910, 980, 8
MM, 910, 982, 7
MM, 909, 984, 13
MM, 908, 987, 1
MM, 908, 989, 8
MM, 908, 990, 9
MM, 908, 991, 5
MM, 908, 992, 11
MM, 908, 993, 4
MM, 908, 994, 11
MM, 908, 994, 6
MM, 908, 995, 6
MM, 908, 996, 6
MM, 908, 996, 7
MM, 908, 997, 7
MM, 908, 997, 8
MM, 908, 998, 328
MM, 908, 999, 36
MM, 908, 999, 31
MM, 908, 1000, 20
MM, 908, 1001, 15
MM, 908, 1001, 15
MM, 908, 1002, 14
MM, 908, 1002, 22
MP, 1, 639
MR, 1, 100
MC, 1, 0
MM, 908, 998, 157
MM, 908, 990, 7
MM, 908, 968, 8
MM, 908, 943, 7
MM, 910, 917, 7
MM, 923, 889, 7
MM, 934, 866, 8
MM, 946, 837, 7
MM, 955, 816, 7
MM, 965, 794, 9
MM, 972, 775, 6
MM, 977, 764, 7
MM, 982, 751, 7
MM, 985, 744, 8
MM, 986, 741, 7
MM, 987, 737, 7
MM, 988, 735, 8
MM, 989, 734, 7
MM, 989, 733, 8
MM, 990, 732, 7
MM, 990, 731, 7
MM, 994, 729, 7
MM, 997, 726, 8
MM, 999, 725, 7
MM, 999, 726, 4089
MM, 997, 726, 14
MM, 982, 727, 7
MM, 963, 729, 8
MM, 937, 729, 7
MM, 903, 731, 7
MM, 875, 733, 8
MM, 844, 735, 7
MM, 804, 737, 8
MM, 766, 739, 8
MM, 714, 741, 9
MM, 670, 743, 6
MM, 613, 743, 6
MM, 574, 745, 8
MM, 521, 745, 15
MM, 480, 745, 3
MM, 436, 745, 3
MM, 397, 745, 9
MM, 362, 732, 5
MM, 325, 715, 7
MM, 290, 697, 8
MM, 261, 675, 7
MM, 231, 645, 8
MM, 200, 616, 7
MM, 172, 584, 7
MM, 148, 544, 7
MM, 130, 518, 7
MM, 113, 487, 8
MM, 97, 457, 7
MM, 86, 435, 9
MM, 80, 419, 8
MM, 76, 400, 8
MM, 76, 381, 5
MM, 76, 367, 7
MM, 76, 356, 8
MM, 76, 352, 7
MM, 76, 351, 7
MM, 76, 350, 7
MM, 82, 316, 8
MM, 82, 317, 181
MM, 81, 317, 39
MM, 77, 317, 5
MM, 70, 317, 8
MM, 62, 317, 7
MM, 54, 317, 6
MM, 48, 313, 8
MM, 41, 305, 7
MM, 33, 295, 8
MM, 26, 282, 7
MM, 18, 264, 7
MM, 11, 242, 7
MM, 4, 219, 7
MM, 0, 202, 8
MM, 0, 177, 7
MM, 0, 157, 7
MM, 0, 135, 8
MM, 0, 118, 8
MM, 0, 104, 6
MM, 0, 91, 9
MM, 0, 80, 7
MM, 0, 73, 6
MM, 0, 69, 7
MM, 0, 66, 8
MM, 0, 63, 7
MM, 0, 62, 7
MM, 0, 61, 8
MM, 0, 60, 7
MM, 0, 59, 10
MM, 0, 58, 7
MM, 0, 58, 6
MM, 0, 57, 6
MM, 0, 57, 66
MM, 0, 56, 22
MM, 0, 55, 7
MM, 0, 56, 1844
MM, 0, 57, 7
MM, 0, 57, 211
MM, 0, 58, 190
MM, 0, 58, 276
MM, 0, 59, 81
MM, 0, 60, 29
MM, 0, 60, 14
MM, 0, 61, 8
MM, 0, 62, 7
MM, 0, 62, 7
MM, 0, 63, 8
MM, 0, 63, 7
MM, 0, 64, 7
MM, 0, 65, 8
MM, 0, 65, 9
MM, 0, 66, 5
MM, 0, 67, 8
MM, 0, 67, 6
MM, 0, 68, 8
MM, 0, 68, 7
MM, 0, 69, 7
MM, 0, 70, 8
MM, 0, 71, 7
MM, 0, 72, 9
MM, 0, 73, 5
MM, 1, 75, 8
MM, 3, 77, 7
MM, 5, 79, 7
MM, 8, 83, 8
MM, 12, 88, 10
MM, 17, 92, 4
MM, 21, 96, 7
MM, 24, 100, 8
MM, 29, 103, 7
MM, 33, 108, 8
MM, 38, 112, 6
MM, 43, 120, 8
MM, 50, 126, 7
MM, 57, 133, 7
MM, 63, 140, 8
MM, 70, 146, 8
MM, 78, 153, 6
MM, 87, 162, 7
MM, 97, 173, 8
MM, 108, 184, 7
MM, 120, 194, 8
MM, 130, 203, 6
MM, 144, 214, 8
MM, 158, 227, 7
MM, 172, 240, 7
MM, 185, 254, 8
MM, 199, 267, 7
MM, 214, 281, 7
MM, 228, 297, 7
MM, 244, 316, 8
MM, 257, 331, 7
MM, 262, 340, 7
MM, 289, 380, 8
MM, 296, 390, 7
MM, 312, 414, 7
MM, 319, 424, 7
MM, 319, 425, 268
MM, 318, 426, 3
MM, 318, 427, 9
MM, 318, 427, 5
MM, 318, 428, 8
MM, 317, 429, 7
MM, 316, 429, 8
MM, 316, 430, 6
MM, 315, 433, 8
MM, 315, 437, 7
MM, 315, 443, 8
MM, 315, 448, 6
MM, 315, 452, 8
MM, 315, 455, 7
MM, 315, 458, 7
MM, 315, 461, 7
MM, 315, 465, 8
MM, 315, 468, 7
MM, 315, 471, 7
MM, 315, 476, 7
MM, 317, 480, 8
MM, 320, 484, 7
MM, 322, 488, 7
MM, 325, 493, 8
MM, 328, 497, 7
MM, 331, 502, 7
MM, 334, 508, 7
MM, 337, 513, 8
MM, 339, 519, 10
MM, 341, 524, 4
MM, 344, 530, 7
MM, 345, 535, 8
MM, 348, 541, 7
MM, 351, 547, 8
MM, 354, 553, 9
MM, 357, 558, 8
MM, 358, 564, 7
MM, 360, 569, 6
MM, 362, 573, 6
MM, 364, 578, 8
MM, 366, 582, 7
MM, 368, 586, 7
MM, 369, 590, 8
MM, 371, 593, 7
MM, 373, 595, 10
MM, 374, 597, 5
MM, 375, 599, 6
MM, 377, 601, 8
MM, 379, 603, 7
MM, 381, 604, 7
MM, 382, 605, 8
MM, 382, 606, 611
MM, 382, 611, 8
MM, 382, 622, 7
MM, 382, 635, 7
MM, 385, 652, 8
MM, 392, 671, 7
MM, 401, 689, 7
MM, 410, 706, 8
MM, 421, 722, 8
MM, 432, 736, 7
MM, 443, 749, 7
MM, 456, 762, 8
MM, 471, 773, 7
MM, 486, 783, 7
MM, 499, 790, 7
MM, 511, 796, 10
MM, 522, 800, 5
MM, 532, 803, 7
MM, 544, 806, 7
MM, 555, 809, 7
MM, 566, 813, 9
MM, 577, 817, 6
MM, 587, 822, 7
MM, 597, 827, 7
MM, 610, 835, 8
MM, 622, 840, 7
MM, 627, 843, 11
MM, 643, 849, 4
MM, 649, 851, 9
MM, 652, 852, 8
MM, 652, 852, 1717
MM, 652, 850, 8
MM, 652, 847, 7
MM, 652, 844, 8
MM, 655, 840, 9
MM, 659, 835, 5
MM, 664, 829, 7
MM, 670, 821, 8
MM, 676, 814, 9
MM, 684, 807, 6
MM, 694, 800, 6
MM, 703, 792, 14
MM, 713, 785, 1
MM, 724, 776, 7
MM, 734, 767, 7
MM, 746, 758, 7
MM, 758, 750, 8
MM, 767, 743, 7
MM, 776, 738, 7
MM, 785, 734, 7
MM, 796, 730, 7
MM, 807, 727, 10
MM, 819, 725, 5
MM, 829, 723, 9
MM, 840, 722, 6
MM, 852, 722, 7
MM, 863, 722, 9
MM, 874, 722, 6
MM, 883, 722, 7
MM, 891, 722, 7
MM, 898, 722, 8
MM, 903, 722, 7
MM, 908, 722, 7
MM, 912, 722, 7
MM, 916, 723, 8
MM, 918, 727, 8
MM, 921, 730, 6
MM, 923, 733, 7
MM, 925, 737, 8
MM, 927, 739, 7
MM, 927, 741, 7
MM, 928, 744, 8
MM, 929, 747, 7
MM, 930, 749, 7
MM, 930, 753, 7
MM, 931, 756, 8
MM, 932, 758, 7
MM, 932, 761, 7
MM, 932, 764, 8
MM, 932, 766, 7
MM, 932, 768, 7
MM, 932, 769, 7
MM, 932, 770, 8
MM, 932, 772, 7
MM, 932, 772, 7
MM, 932, 773, 8
MM, 932, 774, 7
MM, 932, 774, 7
MM, 932, 775, 7
MM, 932, 775, 8
MM, 932, 776, 7
MM, 932, 777, 394
MM, 932, 777, 7
MM, 932, 778, 8
MM, 932, 779, 7
MM, 932, 779, 7
MM, 932, 780, 7
MM, 932, 780, 8
MM, 932, 781, 7
MM, 932, 782, 7
MM, 932, 782, 30
MM, 932, 783, 7
MM, 932, 784, 7
MM, 932, 784, 14
MM, 932, 785, 37
MM, 932, 785, 328
MM, 932, 786, 15
MM, 932, 787, 14
MM, 932, 787, 7
MM, 932, 788, 9
MM, 932, 789, 6
MM, 932, 789, 7
MM, 932, 790, 7
MM, 932, 790, 7
MM, 932, 791, 15
MM, 932, 792, 36
MM, 932, 792, 23
MM, 932, 793, 7
MM, 932, 793, 14
MM, 932, 794, 241
MM, 932, 795, 36
MM, 931, 795, 9
MM, 930, 797, 7
MM, 930, 798, 9
MM, 929, 802, 4
MM, 929, 806, 8
MM, 929, 811, 7
MM, 928, 815, 7
MM, 928, 818, 7
MM, 928, 821, 8
MM, 928, 823, 7
MM, 928, 826, 7
MM, 928, 828, 9
MM, 928, 832, 6
MM, 927, 835, 7
MM, 927, 838, 7
MM, 927, 840, 8
MM, 927, 842, 7
MM, 927, 844, 7
MM, 927, 845, 8
MM, 927, 847, 7
MM, 927, 848, 8
MM, 926, 849, 10
MM, 926, 850, 4
MM, 925, 850, 8
MM, 925, 851, 7
MM, 925, 852, 7
MM, 925, 852, 7
MM, 925, 853, 8
MM, 925, 854, 7
MM, 925, 854, 7
MM, 925, 855, 7
MM, 925, 855, 14
MM, 925, 856, 8
MM, 925, 857, 15
MM, 925, 857, 7
MM, 925, 858, 7
MM, 925, 859, 7
MM, 925, 859, 8
MM, 925, 860, 7
MM, 925, 860, 7
MM, 925, 862, 7
MM, 925, 863, 8
MM, 925, 864, 8
MM, 925, 865, 6
MM, 925, 867, 8
MM, 925, 870, 8
MM, 925, 872, 6
MM, 925, 874, 7
MM, 925, 876, 8
MM, 924, 877, 7
MM, 924, 879, 7
MM, 924, 882, 7
MM, 924, 884, 8
MM, 924, 886, 7
MM, 923, 889, 7
MM, 923, 893, 8
MM, 923, 897, 7
MM, 923, 900, 7
MM, 923, 903, 8
MM, 922, 905, 7
MM, 922, 907, 7
MM, 922, 909, 7
MM, 922, 910, 8
MM, 922, 911, 7
MM, 922, 913, 8
MM, 921, 914, 7
MM, 921, 915, 7
MM, 921, 917, 7
MM, 920, 919, 7
MM, 920, 920, 8
MM, 920, 922, 7
MM, 920, 923, 7
MM, 920, 925, 7
MM, 920, 927, 8
MM, 920, 928, 7
MM, 920, 930, 7
MM, 920, 932, 7
MM, 920, 934, 9
MM, 920, 936, 6
MM, 920, 938, 7
MM, 920, 940, 8
MM, 920, 942, 7
MM, 920, 943, 7
MM, 920, 946, 8
MM, 920, 948, 7
MM, 920, 951, 7
MM, 920, 953, 7
MM, 920, 956, 10
MM, 920, 958, 5
MM, 920, 961, 7
MM, 920, 963, 8
MM, 920, 966, 7
MM, 920, 968, 7
MM, 920, 970, 7
MM, 920, 972, 8
MM, 920, 974, 7
MM, 919, 976, 7
MM, 919, 978, 7
MM, 919, 979, 8
MM, 919, 980, 7
MM, 919, 982, 8
MM, 919, 983, 7
MM, 919, 985, 7
MM, 918, 987, 9
MM, 918, 988, 14
MM, 917, 990, 2
MM, 917, 992, 5
MM, 917, 993, 17
MM, 916, 994, 1
MM, 915, 995, 5
MM, 915, 997, 8
MM, 914, 998, 6
MM, 914, 999, 10
MM, 913, 1000, 8
MM, 912, 1001, 7
MM, 912, 1002, 3
MM, 911, 1002, 7
MM, 911, 1003, 8
MM, 911, 1003, 7
MM, 911, 1004, 7
MM, 910, 1005, 7
MM, 910, 1005, 7
MM, 910, 1006, 8
MM, 910, 1007, 9
MM, 910, 1007, 5
MM, 910, 1008, 8
MM, 910, 1008, 14
MM, 910, 1009, 29
MM, 910, 1009, 51
MM, 910, 1010, 161
MM, 909, 1010, 656
MM, 909, 1010, 37
MM, 908, 1010, 29
MM, 907, 1010, 14
MM, 907, 1010, 14
MP, 1, 31035
MR, 1, 102
MC, 1, 0
MM, 907, 1009, 118
MM, 907, 1004, 8
MM, 907, 994, 7
MM, 910, 979, 7
MM, 916, 963, 8
MM, 923, 949, 8
MM, 930, 936, 7
MM, 936, 926, 6
MM, 943, 909, 8
MM, 950, 896, 7
MM, 956, 884, 7
MM, 961, 875, 8
MM, 967, 865, 8
MM, 971, 857, 6
MM, 975, 848, 7
MM, 979, 840, 9
MM, 981, 835, 6
MM, 983, 831, 8
MM, 985, 828, 8
MM, 986, 824, 6
MM, 987, 823, 7
MM, 987, 821, 8
MM, 987, 823, 1837
MM, 987, 825, 7
MM, 987, 827, 8
MM, 987, 829, 8
MM, 987, 831, 6
MM, 987, 833, 10
MM, 987, 834, 4
MM, 987, 836, 8
MM, 987, 839, 8
MM, 987, 842, 7
MM, 987, 845, 6
MM, 987, 848, 8
MM, 987, 851, 7
MM, 987, 854, 7
MM, 987, 856, 8
MM, 987, 858, 7
MM, 987, 860, 7
MM, 987, 861, 7
MM, 987, 863, 10
MM, 986, 864, 6
MM, 985, 866, 12
MM, 985, 867, 3
MM, 984, 868, 7
MM, 983, 869, 11
MM, 983, 871, 3
MM, 982, 872, 8
MM, 982, 873, 6
MM, 981, 874, 8
MM, 980, 876, 8
MM, 980, 877, 6
MM, 979, 879, 8
MM, 978, 880, 6
MM, 978, 882, 8
MM, 977, 884, 7
MM, 977, 886, 8
MM, 976, 886, 12
MM, 975, 888, 5
MM, 975, 889, 5
MM, 974, 890, 10
MM, 973, 891, 4
MM, 973, 893, 7
MM, 972, 893, 8
MM, 972, 894, 8
MM, 971, 894, 6
MM, 970, 895, 8
MM, 970, 896, 6
MM, 969, 896, 8
MM, 968, 897, 7
MM, 968, 898, 10
MM, 967, 898, 6
MM, 967, 899, 7
MM, 966, 899, 7
MM, 965, 900, 7
MM, 965, 901, 7
MM, 964, 901, 7
MM, 963, 902, 7
MM, 963, 903, 343
MM, 963, 903, 7
MM, 963, 905, 7
MM, 963, 908, 8
MM, 961, 911, 7
MM, 956, 917, 7
MM, 952, 923, 8
MM, 949, 928, 7
MM, 946, 932, 10
MM, 942, 936, 5
MM, 940, 940, 7
MM, 937, 944, 8
MM, 935, 948, 8
MM, 933, 951, 6
MM, 932, 954, 7
MM, 930, 956, 7
MM, 929, 959, 8
MM, 927, 962, 7
MM, 926, 963, 7
MM, 925, 965, 8
MM, 925, 966, 7
MM, 924, 968, 7
MM, 923, 969, 7
MM, 922, 971, 7
MM, 921, 972, 10
MM, 921, 973, 5
MM, 920, 974, 7
MM, 918, 976, 8
MM, 917, 978, 8
MM, 916, 980, 6
MM, 915, 981, 7
MM, 915, 983, 8
MM, 914, 984, 7
MM, 913, 984, 7
MM, 913, 985, 8
MM, 912, 986, 7
MM, 911, 987, 7
MM, 911, 988, 8
MM, 911, 988, 8
MM, 911, 989, 6
MM, 911, 989, 10
MM, 911, 990, 5
MM, 911, 991, 7
MM, 911, 991, 16
MM, 910, 991, 13
MM, 910, 992, 131
MM, 910, 993, 15
MM, 910, 993, 1495
MM, 909, 993, 9
MM, 908, 993, 8
MM, 907, 993, 9
MM, 907, 993, 3
MM, 905, 993, 6
MM, 905, 987, 8
MM, 905, 977, 7
MM, 905, 959, 7
MM, 905, 943, 8
MM, 905, 925, 7
MM, 905, 904, 7
MM, 905, 881, 7
MM, 905, 861, 8
MM, 905, 840, 8
MM, 905, 814, 6
MM, 905, 797, 8
MM, 908, 782, 7
MM, 911, 766, 8
MM, 913, 751, 6
MM, 914, 740, 8
MM, 916, 733, 7
MM, 917, 729, 7
MM, 918, 726, 8
MM, 918, 725, 7
MM, 918, 724, 7
MM, 918, 723, 8
MM, 918, 723, 7
MM, 918, 722, 7
MM, 918, 721, 7
MM, 919, 721, 36
MM, 920, 721, 6
MM, 920, 721, 3
MM, 921, 721, 11
MM, 921, 723, 1337
MM, 921, 726, 7
MM, 921, 729, 9
MM, 921, 732, 5
MM, 921, 735, 7
MM, 921, 739, 8
MM, 921, 743, 7
MM, 921, 747, 8
MM, 921, 751, 6
MM, 921, 757, 8
MM, 921, 761, 7
MM, 920, 766, 10
MM, 919, 770, 5
MM, 919, 775, 9
MM, 917, 780, 7
MM, 916, 784, 6
MM, 915, 790, 9
MM, 914, 797, 6
MM, 912, 803, 7
MM, 910, 810, 7
MM, 908, 817, 7
MM, 906, 830, 7
MM, 904, 842, 8
MM, 902, 852, 8
MM, 900, 865, 6
MM, 897, 878, 8
MM, 895, 891, 7
MM, 894, 900, 7
MM, 893, 906, 7
MM, 891, 916, 8
MM, 890, 923, 7
MM, 889, 928, 7
MM, 889, 935, 7
MM, 889, 941, 8
MM, 889, 945, 8
MM, 888, 947, 6
MM, 888, 950, 9
MM, 887, 952, 6
MM, 887, 955, 7
MM, 886, 959, 7
MM, 885, 966, 8
MM, 884, 973, 7
MM, 882, 983, 9
MM, 882, 991, 7
MM, 881, 997, 6
MM, 880, 1003, 10
MM, 880, 1009, 5
MM, 880, 1016, 8
MM, 880, 1022, 8
MM, 880, 1026, 9
MM, 880, 1030, 4
MM, 880, 1032, 9
MM, 880, 1034, 7
MM, 880, 1035, 6
MM, 880, 1036, 8
MM, 880, 1037, 7
MM, 880, 1038, 6
MM, 880, 1038, 8
MM, 880, 1039, 7
MM, 880, 1040, 7
MM, 880, 1040, 8
MM, 880, 1041, 7
MM, 881, 1041, 66
MM, 883, 1041, 7
MM, 885, 1041, 7
MM, 886, 1041, 7
MM, 888, 1041, 7
MM, 889, 1041, 8
MM, 889, 1041, 7
MM, 890, 1041, 8
MM, 890, 1041, 7
MM, 891, 1041, 15
MM, 892, 1041, 14
MM, 892, 1041, 7
MM, 894, 1041, 7
MM, 895, 1040, 8
MM, 895, 1040, 7
MP, 1, 363
MR, 1, 100
MC, 1, 0
MM, 895, 1038, 230
MM, 895, 1030, 7
MM, 895, 1020, 7
MM, 895, 1011, 7
MM, 901, 994, 8
MM, 907, 980, 7
MM, 914, 965, 7
MM, 922, 952, 7
MM, 927, 944, 8
MM, 934, 930, 7
MM, 939, 922, 7
MM, 945, 916, 8
MM, 951, 907, 7
MM, 957, 898, 7
MM, 962, 891, 7
MM, 969, 885, 8
MM, 976, 879, 7
MM, 983, 873, 7
MM, 990, 867, 8
MM, 996, 863, 7
MM, 1000, 858, 7
MM, 1003, 855, 7
MM, 1006, 852, 8
MM, 1009, 850, 7
MM, 1010, 848, 7
MM, 1012, 847, 7
MM, 1012, 846, 8
MM, 1013, 846, 7
MM, 1014, 845, 8
MM, 1014, 844, 7
MM, 1010, 846, 2850
MM, 1006, 850, 7
MM, 1000, 857, 7
MM, 995, 862, 7
MM, 989, 869, 7
MM, 983, 876, 8
MM, 976, 886, 7
MM, 970, 894, 8
MM, 964, 903, 7
MM, 960, 911, 7
MM, 956, 918, 8
MM, 953, 923, 7
MM, 949, 929, 7
MM, 946, 936, 7
MM, 944, 942, 7
MM, 942, 949, 8
MM, 940, 955, 7
MM, 938, 961, 7
MM, 936, 967, 7
MM, 934, 975, 9
MM, 933, 980, 6
MM, 932, 988, 8
MM, 931, 993, 7
MM, 930, 998, 8
MM, 929, 1002, 6
MM, 928, 1005, 8
MM, 928, 1009, 7
MM, 928, 1011, 9
MM, 928, 1012, 6
MM, 928, 1013, 7
MM, 928, 1014, 8
MM, 928, 1014, 6
MM, 928, 1015, 8
MM, 928, 1016, 7
MM, 928, 1016, 7
MM, 928, 1017, 7
MM, 928, 1018, 8
MM, 928, 1018, 7
MM, 928, 1019, 8
MM, 928, 1019, 14
MM, 928, 1020, 14
MM, 928, 1021, 212
MM, 928, 1021, 124
MM, 927, 1021, 160
MM, 926, 1021, 22
MM, 926, 1022, 66
MP, 1, 16266
MR, 1, 99
MC, 1, 0
MM, 926, 1021, 123
MM, 926, 1016, 9
MM, 926, 1005, 5
MM, 926, 989, 7
MM, 931, 968, 7
MM, 934, 949, 8
MM, 935, 926, 6
MM, 937, 903, 8
MM, 939, 883, 7
MM, 939, 870, 12
MM, 939, 857, 7
MM, 939, 846, 6
MM, 939, 834, 7
MM, 939, 824, 5
MM, 940, 816, 7
MM, 940, 809, 7
MM, 940, 803, 7
MM, 940, 799, 8
MM, 940, 796, 7
MM, 941, 794, 7
MM, 942, 789, 10
MM, 942, 787, 5
MM, 942, 785, 8
MM, 943, 783, 7
MM, 943, 781, 7
MM, 943, 779, 8
MM, 944, 777, 6
MM, 944, 776, 10
MM, 944, 774, 10
MM, 944, 773, 2
MM, 944, 772, 7
MM, 944, 771, 8
MM, 944, 771, 7
MM, 944, 769, 7
MM, 945, 768, 7
MM, 945, 766, 8
MM, 946, 764, 7
MM, 946, 764, 8
MM, 946, 763, 7
MM, 946, 763, 8
MM, 946, 762, 8
MM, 946, 763, 4729
MM, 947, 763, 21
MM, 947, 763, 15
MM, 948, 763, 10
MM, 949, 763, 5
MM, 949, 763, 7
MM, 950, 763, 8
MM, 951, 763, 8
MM, 952, 763, 7
MM, 954, 763, 6
MM, 955, 763, 7
MM, 956, 763, 8
MM, 957, 763, 7
MM, 957, 763, 7
MM, 958, 763, 7
MM, 959, 763, 8
MM, 959, 763, 7
MM, 960, 763, 7
MM, 960, 763, 9
MM, 961, 763, 6
MM, 962, 763, 7
MM, 962, 763, 7
MM, 963, 763, 8
MM, 964, 763, 7
MM, 964, 763, 7
MM, 965, 763, 8
MM, 966, 763, 7
MM, 967, 763, 7
MM, 968, 763, 7
MM, 969, 763, 8
MM, 969, 763, 7
MM, 970, 762, 7
MM, 970, 762, 7
MM, 971, 761, 8
MM, 972, 761, 7
MM, 972, 760, 7
MM, 973, 759, 8
MM, 974, 759, 7
MM, 974, 759, 7
MM, 974, 759, 88
MM, 975, 759, 65
MM, 975, 758, 44
MM, 975, 758, 30
MM, 975, 757, 8
MM, 976, 757, 7
MM, 977, 756, 6
MM, 977, 756, 7
MM, 978, 756, 8
MM, 979, 755, 8
MM, 979, 755, 6
MM, 980, 754, 15
MM, 980, 754, 7
MM, 981, 753, 7
MM, 982, 752, 8
MM, 982, 751, 7
MM, 983, 750, 7
MM, 984, 748, 8
MM, 985, 746, 7
MM, 987, 742, 7
MM, 989, 741, 8
MM, 990, 739, 7
MM, 990, 738, 7
MM, 991, 736, 8
MM, 992, 735, 8
MM, 992, 733, 6
MM, 993, 731, 7
MM, 994, 730, 8
MM, 994, 728, 7
MM, 995, 727, 7
MM, 995, 725, 8
MM, 996, 724, 7
MM, 997, 722, 7
MM, 998, 720, 7
MM, 999, 717, 7
MM, 1000, 715, 8
MM, 1000, 714, 7
MM, 1001, 713, 7
MM, 1002, 711, 7
MM, 1002, 710, 9
MM, 1003, 708, 7
MM, 1004, 708, 7
MM, 1004, 706, 7
MM, 1005, 705, 7
MM, 1005, 703, 7
MM, 1006, 702, 8
MM, 1007, 701, 7
MM, 1007, 700, 7
MM, 1008, 698, 7
MM, 1009, 697, 8
MM, 1010, 696, 7
MM, 1010, 695, 8
MM, 1011, 695, 6
MM, 1012, 693, 8
MM, 1012, 692, 7
MM, 1013, 691, 8
MM, 1013, 690, 7
MM, 1014, 688, 7
MM, 1014, 688, 7
MM, 1015, 687, 8
MM, 1015, 686, 7
MM, 1016, 685, 7
MM, 1016, 685, 7
MM, 1016, 683, 8
MM, 1016, 683, 7
MM, 1016, 682, 7
MM, 1016, 681, 26
MM, 1016, 681, 4
MM, 1015, 681, 9642
MM, 1015, 681, 9
MM, 1014, 681, 6
MM, 1013, 681, 7
MM, 1013, 681, 7
MM, 1012, 683, 9
MM, 1012, 685, 6
MM, 1011, 687, 7
MM, 1010, 688, 8
MM, 1010, 690, 7
MM, 1010, 691, 7
MM, 1010, 693, 7
MM, 1010, 695, 8
MM, 1010, 696, 7
MM, 1009, 700, 7
MM, 1009, 701, 8
MM, 1008, 705, 7
MM, 1007, 710, 7
MM, 1007, 713, 8
MM, 1006, 717, 7
MM, 1005, 722, 7
MM, 1005, 728, 7
MM, 1004, 735, 7
MM, 1002, 742, 8
MM, 1001, 746, 8
MM, 1001, 749, 6
MM, 1000, 754, 8
MM, 999, 756, 7
MM, 998, 759, 7
MM, 998, 762, 7
MM, 998, 765, 8
MM, 998, 766, 8
MM, 998, 768, 6
MM, 997, 770, 8
MM, 996, 772, 7
MM, 996, 774, 7
MM, 995, 776, 9
MM, 994, 778, 6
MM, 994, 778, 7
MM, 994, 779, 7
MM, 994, 779, 8
MM, 994, 780, 7
MM, 994, 781, 7
MM, 994, 781, 7
MM, 994, 782, 8
MM, 994, 783, 3892
MM, 994, 787, 7
MM, 994, 791, 8
MM, 994, 794, 7
MM, 994, 797, 7
MM, 994, 799, 8
MM, 994, 801, 7
MM, 994, 803, 10
MM, 993, 805, 4
MM, 992, 806, 8
MM, 992, 806, 8
MM, 991, 807, 6
MM, 991, 808, 7
MM, 990, 808, 8
MM, 989, 809, 7
MM, 989, 810, 7
MM, 989, 810, 8
MM, 989, 811, 7
MM, 988, 811, 7
MM, 988, 812, 7
MM, 987, 813, 15
MM, 987, 813, 7
MM, 987, 814, 22
MM, 987, 814, 22
MM, 986, 814, 15
MM, 986, 815, 7
MM, 986, 815, 15
MM, 986, 815, 8
MM, 985, 816, 7
MM, 984, 816, 9
MM, 984, 817, 5
MM, 984, 818, 10
MM, 984, 818, 12
MM, 984, 819, 7
MM, 983, 819, 7
MM, 983, 820, 8
MM, 983, 820, 8
MM, 982, 820, 6
MM, 982, 821, 29
MM, 981, 821, 22
MM, 981, 821, 7
MM, 980, 821, 7
MM, 979, 821, 15
MM, 979, 822, 8
MM, 979, 823, 7
MM, 978, 823, 7
MM, 977, 823, 23
MM, 977, 823, 38
MM, 977, 823, 15
MM, 976, 823, 136
MM, 976, 824, 7
MM, 975, 825, 7
MM, 974, 825, 7
MM, 974, 825, 8
MM, 973, 826, 7
MM, 972, 827, 8
MM, 971, 829, 7
MM, 970, 831, 7
MM, 969, 833, 7
MM, 968, 833, 7
MM, 967, 834, 7
MM, 966, 836, 8
MM, 966, 836, 7
MM, 964, 837, 7
MM, 963, 838, 7
MM, 962, 839, 8
MM, 961, 840, 7
MM, 960, 841, 7
MM, 959, 842, 8
MM, 957, 843, 7
MM, 956, 844, 7
MM, 955, 845, 7
MM, 953, 846, 8
MM, 952, 848, 7
MM, 951, 849, 7
MM, 949, 851, 8
MM, 948, 852, 7
MM, 947, 854, 7
MM, 946, 856, 9
MM, 944, 857, 11
MM, 943, 858, 4
MM, 942, 860, 6
MM, 941, 862, 10
MM, 939, 863, 4
MM, 939, 864, 8
MM, 938, 866, 7
MM, 937, 868, 7
MM, 937, 869, 7
MM, 936, 870, 7
MM, 935, 873, 8
MM, 934, 874, 7
MM, 934, 877, 7
MM, 933, 879, 7
MM, 932, 880, 9
MM, 932, 881, 8
MM, 931, 883, 8
MM, 931, 883, 6
MM, 931, 884, 6
MM, 931, 885, 9
MM, 931, 886, 8
MM, 931, 886, 5
MM, 931, 887, 8
MM, 931, 888, 6
MM, 931, 888, 8
MM, 931, 889, 7
MM, 931, 886, 83
MM, 931, 881, 5
MM, 931, 872, 8
MM, 931, 865, 7
MM, 931, 857, 6
MM, 931, 850, 8
MM, 931, 845, 7
MM, 931, 841, 10
MM, 931, 839, 4
MM, 931, 837, 8
MM, 931, 835, 7
MM, 931, 832, 7
MM, 931, 828, 7
MM, 932, 824, 8
MM, 934, 819, 7
MM, 935, 816, 7
MM, 937, 813, 8
MM, 938, 811, 7
MM, 939, 808, 8
MM, 941, 806, 7
MM, 941, 805, 12
MM, 942, 803, 2
MM, 944, 802, 9
MM, 945, 800, 7
MM, 946, 797, 9
MM, 948, 794, 6
MM, 949, 793, 9
MM, 950, 791, 4
MM, 951, 788, 7
MM, 952, 786, 7
MM, 952, 785, 8
MM, 953, 784, 7
MM, 954, 782, 9
MM, 955, 780, 6
MM, 956, 780, 9
MM, 956, 778, 7
MM, 956, 777, 6
MM, 957, 777, 7
MM, 957, 776, 8
MM, 957, 775, 8
MM, 957, 775, 13
MM, 958, 775, 7
MM, 959, 774, 7
MM, 959, 774, 8
MM, 960, 773, 7
MM, 961, 773, 7
MM, 961, 773, 8
MM, 962, 773, 8
MM, 962, 773, 13
MM, 963, 772, 8
MM, 964, 772, 14
MM, 964, 771, 8
MM, 964, 770, 7
MM, 964, 770, 7
MM, 965, 769, 15
MM, 966, 769, 37
MM, 966, 769, 6
MM, 966, 769, 23
MM, 966, 768, 36
MM, 967, 768, 62
MM, 967, 767, 55
MM, 967, 767, 51
MM, 968, 767, 7
MM, 969, 767, 22
MM, 969, 767, 44
MM, 970, 767, 58
MM, 971, 767, 212
MM, 971, 767, 51
MM, 971, 768, 2842
MM, 971, 769, 7
MM, 971, 769, 7
MM, 970, 770, 7
MM, 966, 772, 7
MM, 959, 773, 8
MM, 946, 775, 7
MM, 931, 778, 9
MM, 912, 780, 6
MM, 888, 782, 8
MM, 862, 782, 6
MM, 831, 782, 7
MM, 791, 782, 8
MM, 761, 782, 7
MM, 717, 782, 7
MM, 676, 782, 8
MM, 623, 782, 7
MM, 577, 782, 9
MM, 538, 775, 5
MM, 492, 773, 8
MM, 459, 766, 7
MM, 427, 755, 8
MM, 392, 744, 8
MM, 368, 734, 6
MM, 348, 723, 8
MM, 331, 716, 10
MM, 320, 713, 7
MM, 311, 710, 5
MM, 306, 710, 7
MM, 304, 710, 11
MM, 303, 710, 5
MM, 301, 710, 5
MM, 301, 710, 8
MM, 296, 710, 204
MM, 289, 708, 7
MM, 270, 705, 9
MM, 237, 697, 6
MM, 203, 690, 8
MM, 169, 684, 7
MM, 141, 677, 7
MM, 114, 671, 7
MM, 87, 665, 7
MM, 61, 659, 10
MM, 41, 657, 7
MM, 22, 657, 5
MM, 1, 657, 7
MM, 0, 657, 7
MM, 0, 657, 7
MM, 0, 657, 8
MM, 0, 657, 7
MM, 0, 657, 7
MM, 0, 657, 8
MM, 0, 657, 7
MM, 0, 657, 7
MM, 0, 658, 8
MM, 0, 658, 7
MM, 0, 659, 7
MM, 0, 659, 7
MM, 0, 660, 7
MM, 0, 660, 8
MM, 0, 660, 7
MM, 0, 661, 8
MM, 0, 661, 7
MM, 0, 661, 7
MM, 0, 661, 7
MM, 0, 662, 22
MM, 0, 663, 8
MM, 0, 663, 9
MM, 0, 664, 13
MM, 0, 665, 8
MM, 0, 665, 7
MM, 0, 666, 7
MM, 0, 666, 11
MM, 0, 667, 6
MM, 0, 668, 5
MM, 0, 668, 8
MM, 0, 669, 6
MM, 0, 670, 7
MM, 0, 670, 8
MM, 0, 671, 7
MM, 0, 671, 7
MM, 0, 672, 7
MM, 0, 673, 8
MM, 0, 674, 7
MM, 0, 675, 7
MM, 0, 676, 9
MM, 0, 677, 6
MM, 0, 678, 8
MM, 0, 679, 10
MM, 0, 680, 4
MM, 0, 681, 7
MM, 0, 683, 8
MM, 0, 684, 6
MM, 0, 685, 8
MM, 0, 686, 7
MM, 0, 688, 8
MM, 0, 690, 6
MM, 0, 692, 8
MM, 0, 694, 7
MM, 0, 695, 8
MM, 0, 696, 7
MM, 0, 697, 7
MM, 0, 698, 7
MM, 0, 700, 7
MM, 0, 700, 8
MM, 0, 701, 7
MM, 0, 701, 8
MM, 0, 702, 7
MM, 0, 703, 7
MP, 1, 1091
MR, 1, 100
MC, 1, 0
MM, 0, 700, 479
MM, 13, 682, 7
MM, 50, 645, 8
MM, 92, 610, 8
MM, 149, 573, 6
MM, 199, 538, 9
MM, 260, 509, 6
MM, 328, 479, 6
MM, 391, 455, 7
MM, 463, 431, 8
MM, 531, 413, 7
MM, 594, 402, 7
MM, 660, 396, 8
MM, 721, 394, 7
MM, 776, 389, 7
MM, 824, 389, 7
MM, 868, 389, 7
MM, 905, 389, 8
MM, 940, 389, 9
MM, 970, 389, 6
MM, 994, 389, 7
MM, 1016, 389, 8
MM, 1034, 391, 7
MM, 1046, 398, 9
MM, 1054, 404, 6
MM, 1058, 410, 7
MM, 1060, 414, 7
MM, 1061, 418, 7
MM, 1062, 422, 8
MM, 1062, 425, 6
MM, 1062, 428, 9
MM, 1062, 431, 7
MM, 1062, 433, 7
MM, 1062, 436, 6
MM, 1062, 438, 8
MM, 1059, 441, 8
MM, 1054, 444, 6
MM, 1048, 448, 8
MM, 1039, 453, 7
MM, 1031, 458, 9
MM, 1021, 462, 5
MM, 1009, 468, 9
MM, 997, 475, 6
MM, 984, 481, 7
MM, 974, 488, 12
MM, 963, 494, 12
MM, 954, 499, 2
MM, 944, 506, 5
MM, 935, 511, 6
MM, 927, 515, 8
MM, 921, 518, 6
MM, 917, 521, 7
MM, 914, 523, 8
MM, 912, 524, 7
MM, 911, 525, 7
MM, 910, 525, 8
MM, 910, 526, 7
MM, 909, 526, 8
MM, 909, 527, 6
MM, 908, 527, 8
MM, 907, 527, 7
MM, 907, 527, 7
MM, 906, 527, 11
MM, 905, 527, 4
MM, 906, 526, 140
MM, 909, 525, 6
MM, 913, 521, 8
MM, 918, 517, 7
MM, 926, 511, 7
MM, 935, 507, 9
MM, 942, 503, 5
MM, 950, 500, 7
MM, 956, 496, 8
MM, 961, 493, 7
MM, 966, 491, 7
MM, 971, 488, 8
MM, 977, 485, 7
MM, 984, 481, 9
MM, 992, 476, 6
MM, 1001, 470, 8
MM, 1012, 464, 6
MM, 1023, 457, 8
MM, 1035, 450, 7
MM, 1047, 444, 9
MM, 1056, 439, 6
MM, 1066, 434, 7
MM, 1073, 432, 7
MM, 1082, 428, 10
MM, 1090, 426, 5
MM, 1097, 425, 7
MM, 1105, 424, 8
MM, 1111, 424, 8
MM, 1116, 424, 6
MM, 1121, 424, 7
MM, 1128, 424, 7
MM, 1133, 424, 7
MM, 1138, 424, 8
MM, 1142, 424, 8
MM, 1144, 424, 6
MM, 1145, 424, 7
MM, 1147, 424, 8
MM, 1147, 424, 7
MM, 1148, 424, 7
MM, 1148, 424, 9
MM, 1149, 424, 6
MM, 1150, 424, 7
MM, 1150, 424, 7
MM, 1151, 424, 8
MM, 1152, 425, 8
MM, 1152, 427, 6
MM, 1153, 429, 8
MM, 1153, 431, 8
MM, 1153, 434, 7
MM, 1153, 437, 7
MM, 1153, 440, 8
MM, 1153, 443, 6
MM, 1153, 445, 18
MM, 1153, 448, 0
MM, 1154, 450, 5
MM, 1155, 453, 10
MM, 1157, 455, 4
MM, 1158, 457, 11
MM, 1160, 460, 3
MM, 1162, 462, 8
MM, 1163, 464, 7
MM, 1165, 465, 7
MM, 1168, 469, 7
MM, 1170, 470, 8
MM, 1171, 472, 7
MM, 1173, 474, 7
MM, 1174, 475, 7
MM, 1175, 475, 8
MM, 1175, 476, 7
MM, 1176, 477, 7
MM, 1176, 477, 7
MM, 1177, 478, 8
MM, 1177, 479, 7
MM, 1177, 479, 7
MM, 1177, 479, 15
MM, 1178, 479, 95
MM, 1178, 479, 15
MM, 1179, 479, 146
MM, 1180, 479, 6
MM, 1180, 479, 29
MM, 1180, 478, 8
MM, 1180, 477, 13
MM, 1180, 477, 39
MM, 1180, 476, 28
MP, 1, 596
MR, 1, 100
MC, 1, 0
